Time(s),X,Y,Z,Pitch,Yaw,FL,FR,RL,RR,Vx,Vy,Vz,Hor_Speed
0.1,0.03712405437250381,0.19652431042226653,99.92,0.05,1.38,2160,2160,2160,2160,0.37,1.97,-0.8,20
0.2,0.08167291961950839,0.43235348292898634,99.8336,0.05,1.38,2220,2220,2220,2220,0.45,2.36,-0.86,20
0.3,0.13513155791591389,0.7153484899370501,99.740288,0.05,1.38,2280,2280,2280,2280,0.53,2.83,-0.93,20
0.4,0.19928192387160049,1.0549424983467268,99.63951104,0.05,1.38,2340,2340,2340,2340,0.64,3.4,-1.01,20
0.5,0.2762623630184244,1.4624553084383387,99.5306719232,0.05,1.38,2400,2400,2400,2400,0.77,4.08,-1.09,20
0.6,0.3686388899946131,1.9514706805482729,99.413125677056,0.05,1.38,2460,2460,2460,2460,0.92,4.89,-1.18,20
0.7,0.4794907223660395,2.538289127080194,99.28617573122048,0.05,1.38,2400,2400,2400,2400,1.11,5.87,-1.27,20
0.8,0.6125129212117513,3.2424712629184995,99.14906978971813,0.05,1.38,2460,2460,2460,2460,1.33,7.04,-1.37,20
0.9,0.7721395598266053,4.087489825924466,99.00099537289557,0.05,1.38,2400,2400,2400,2400,1.6,8.45,-1.48,20
1.0,0.9636915261644301,5.101512101531626,98.84107500272722,0.05,1.38,2460,2460,2460,2460,1.92,10.14,-1.6,20
1.1,1.19355388576982,6.318338832260218,98.6683610029454,0.05,1.38,2400,2400,2400,2400,2.3,12.17,-1.73,20
1.2,1.4693887172962878,7.778530909134528,98.48182988318104,0.05,1.38,2460,2460,2460,2460,2.76,14.6,-1.87,20
1.3,1.8003905151280493,9.5307614013837,98.28037627383551,0.05,1.38,2444,2444,2444,2444,3.31,17.52,-2.01,20
1.4,2.1716310588530874,11.496004505606365,98.06280637574235,0.05,1.38,2478,2478,2478,2478,3.71,19.65,-2.18,20
1.5,2.5428716025781255,13.46124760982903,97.82783088580175,0.05,1.38,2418,2418,2418,2418,3.71,19.65,-2.35,20
1.6,2.9141121463031636,15.426490714051695,97.57405735666589,0.05,1.38,2358,2358,2358,2358,3.71,19.65,-2.54,20
1.7,3.2853526900282017,17.39173381827436,97.29998194519916,0.05,1.38,2298,2298,2298,2298,3.71,19.65,-2.74,20
1.8,3.65659323375324,19.356976922497026,97.0039805008151,0.05,1.38,2238,2238,2238,2238,3.71,19.65,-2.96,20
1.9,4.027833777478278,21.32222002671969,96.68429894088031,0.05,1.38,2178,2178,2178,2178,3.71,19.65,-3.2,20
2.0,4.399074321203317,23.287463130942356,96.33904285615074,0.05,1.38,2118,2118,2118,2118,3.71,19.65,-3.45,20
2.1,4.7703148649283555,25.25270623516502,95.9661662846428,0.05,1.38,2100,2100,2100,2100,3.71,19.65,-3.73,20
2.2,5.141555408653394,27.217949339387687,95.56345958741421,0.05,1.38,2100,2100,2100,2100,3.71,19.65,-4.03,20
2.3,5.512795952378433,29.183192443610352,95.12853635440736,0.05,1.38,2100,2100,2100,2100,3.71,19.65,-4.35,20
2.4,5.88403649610347,31.148435547833017,94.65881926275995,0.05,1.38,2100,2100,2100,2100,3.71,19.65,-4.7,20
2.5,6.255277039828508,33.11367865205568,94.15152480378075,0.05,1.38,2100,2100,2100,2100,3.71,19.65,-5.07,20
2.6,6.626517583553547,35.07892175627835,93.60364678808321,0.05,1.38,2100,2100,2100,2100,3.71,19.65,-5.48,20
2.7,6.997758127278584,37.04416486050101,93.01193853112987,0.05,1.38,2100,2100,2100,2100,3.71,19.65,-5.92,20
2.8,7.368998671003622,39.00940796472368,92.37289361362026,0.05,1.38,2100,2100,2100,2100,3.71,19.65,-6.39,20
2.9,7.7402392147286605,40.97465106894634,91.68272510270988,0.04,1.38,2100,2100,2100,2100,3.71,19.65,-6.9,20
3.0,8.111479758453699,42.93989417316901,90.93734311092668,0.04,1.38,2100,2100,2100,2100,3.71,19.65,-7.45,20
3.1,8.482720302178738,44.905137277391674,90.13734311092668,0.04,1.38,2100,2100,2100,2100,3.71,19.65,-8.0,20
3.2,8.853960845903776,46.87038038161434,89.33734311092668,0.04,1.38,2100,2100,2100,2100,3.71,19.65,-8.0,20
3.3,9.225201389628815,48.835623485837004,88.53734311092668,0.04,1.38,2100,2100,2100,2100,3.71,19.65,-8.0,20
3.4,9.596441933353853,50.80086659005967,87.73734311092669,0.04,1.38,2100,2100,2100,2100,3.71,19.65,-8.0,20
3.5,9.967682477078892,52.766109694282335,86.93734311092669,0.04,1.38,2100,2100,2100,2100,3.71,19.65,-8.0,20
3.6,10.33892302080393,54.731352798505,86.1373431109267,0.04,1.38,2100,2100,2100,2100,3.71,19.65,-8.0,20
3.7,10.710163564528969,56.696595902727665,85.3373431109267,0.03,1.38,2100,2100,2100,2100,3.71,19.65,-8.0,20
3.8,11.081404108254008,58.66183900695033,84.5373431109267,0.03,1.38,2100,2100,2100,2100,3.71,19.65,-8.0,20
3.9,11.452644651979046,60.627082111172996,83.7373431109267,0.03,1.38,2100,2100,2100,2100,3.71,19.65,-8.0,20
4.0,11.823885195704085,62.59232521539566,82.9373431109267,0.03,1.38,2100,2100,2100,2100,3.71,19.65,-8.0,20
4.1,12.195125739429123,64.55756831961833,82.13734311092671,0.03,1.38,2100,2100,2100,2100,3.71,19.65,-8.0,20
4.2,12.566366283154162,66.52281142384099,81.33734311092671,0.03,1.38,2100,2100,2100,2100,3.71,19.65,-8.0,20
4.3,12.9376068268792,68.48805452806366,80.55644385663697,0.03,1.38,2100,2100,2100,2100,3.71,19.65,-7.81,20
4.4,13.308847370604239,70.45329763228632,79.81719256257603,0.03,1.38,2100,2100,2100,2100,3.71,19.65,-7.39,20
4.5,13.680087914329278,72.41854073650899,79.11736800419833,0.02,1.38,2100,2100,2100,2100,3.71,19.65,-7.0,20
4.6,14.051328458054316,74.38378384073165,78.45486742226744,0.02,1.38,2100,2100,2100,2100,3.71,19.65,-6.63,20
4.7,14.422569001779355,76.34902694495432,77.8277002047062,0.02,1.38,2100,2100,2100,2100,3.71,19.65,-6.27,20
4.8,14.793809545504393,78.31427004917698,77.2339819054149,0.02,1.38,2100,2100,2100,2100,3.71,19.65,-5.94,20
4.9,15.165050089229432,80.27951315339965,76.67192858208578,0.02,1.38,2100,2100,2100,2100,3.71,19.65,-5.62,20
5.0,15.53629063295447,82.24475625762231,76.1398514360009,0.02,1.38,2100,2100,2100,2100,3.71,19.65,-5.32,20
5.1,15.907531176679509,84.20999936184498,75.63615173770721,0.02,1.38,2100,2100,2100,2100,3.71,19.65,-5.04,20
5.2,16.278771720404546,86.17524246606764,75.15931602332252,0.02,1.38,2100,2100,2100,2100,3.71,19.65,-4.77,20
5.3,16.650012264129582,88.14048557029031,74.70791154703834,0.02,1.38,2100,2100,2100,2100,3.71,19.65,-4.51,20
5.4,17.02125280785462,90.10572867451297,74.28058197615597,0.02,1.38,2100,2100,2100,2100,3.71,19.65,-4.27,20
5.5,17.392493351579656,92.07097177873564,73.87604331572068,0.01,1.38,2100,2100,2100,2100,3.71,19.65,-4.05,20
5.6,17.763733895304693,94.0362148829583,73.4930800505086,0.01,1.38,2100,2100,2100,2100,3.71,19.65,-3.83,20
5.7,18.13497443902973,96.00145798718097,73.1305414927745,0.01,1.38,2100,2100,2100,2100,3.71,19.65,-3.63,20
5.8,18.506214982754766,97.96670109140364,72.7873383247862,0.01,1.38,2100,2100,2100,2100,3.71,19.65,-3.43,20
5.9,18.877455526479803,99.9319441956263,72.4624393257573,0.01,1.38,2160,2160,2160,2160,3.71,19.65,-3.25,20
6.0,19.24869607020484,101.89718729984897,72.15486827334327,0.01,1.38,2220,2220,2220,2220,3.71,19.65,-3.08,20
6.1,19.619936613929877,103.86243040407163,71.86370101039131,0.01,1.38,2280,2280,2280,2280,3.71,19.65,-2.91,20
6.2,19.991177157654914,105.8276735082943,71.58806266813012,0.01,1.38,2302,2302,2302,2302,3.71,19.65,-2.76,20
6.3,20.36241770137995,107.79291661251696,71.3271250374562,0.01,1.38,2362,2362,2362,2362,3.71,19.65,-2.61,20
6.4,20.733658245104987,109.75815971673963,71.08010408041822,0.01,1.38,2383,2383,2383,2383,3.71,19.65,-2.47,20
6.5,21.104898788830024,111.72340282096229,70.84625757442227,0.01,1.38,2443,2443,2443,2443,3.71,19.65,-2.34,20
6.6,21.47613933255506,113.68864592518496,70.62488288207943,0.01,1.38,2429,2429,2429,2429,3.71,19.65,-2.21,20
6.7,21.847379876280097,115.65388902940762,70.41531483999488,0.01,1.38,2489,2489,2489,2489,3.71,19.65,-2.1,20
6.8,22.218620420005134,117.61913213363029,70.21692376015484,0.01,1.38,2549,2549,2549,2549,3.71,19.65,-1.98,20
6.9,22.58986096373017,119.58437523785295,70.02911353790627,0.01,1.38,2489,2489,2489,2489,3.71,19.65,-1.88,20
7.0,22.961101507455208,121.54961834207562,69.85131986084428,0.01,1.38,2549,2549,2549,2549,3.71,19.65,-1.78,20
7.1,23.332342051180245,123.51486144629828,69.68300851322562,0.01,1.38,2609,2609,2609,2609,3.71,19.65,-1.68,20
7.2,23.70358259490528,125.48010455052095,69.52367377081328,0.01,1.38,2656,2656,2656,2656,3.71,19.65,-1.59,20
7.3,24.074823138630318,127.44534765474361,69.37283688132959,0.01,1.38,2596,2596,2596,2596,3.71,19.65,-1.51,20
7.4,24.446063682355355,129.4105907589663,69.2300446259517,0.01,1.38,2656,2656,2656,2656,3.71,19.65,-1.43,20
7.5,24.81730422608039,131.37583386318897,69.0948679575273,0.01,1.38,2716,2716,2716,2716,3.71,19.65,-1.35,20
7.6,25.18854476980543,133.34107696741165,68.96690071141886,0.0,1.38,2681,2681,2681,2681,3.71,19.65,-1.28,20
7.7,25.559785313530465,135.30632007163433,68.84575838510287,0.0,1.38,2741,2741,2741,2741,3.71,19.65,-1.21,20
7.8,25.931025857255502,137.271563175857,68.73107698285708,0.0,1.38,2771,2771,2771,2771,3.71,19.65,-1.15,20
7.9,26.30226640098054,139.2368062800797,68.62251192206439,0.0,1.38,2738,2738,2738,2738,3.71,19.65,-1.09,20
8.0,26.673506944705576,141.20204938430237,68.5197369978473,0.0,1.38,2798,2798,2798,2798,3.71,19.65,-1.03,20
8.1,27.044747488430612,143.16729248852505,68.4224434029218,0.0,1.38,2794,2794,2794,2794,3.71,19.65,-0.97,20
8.2,27.41598803215565,145.13253559274773,68.33033879972565,0.0,1.38,2854,2854,2854,2854,3.71,19.65,-0.92,20
8.3,27.787228575880686,147.0977786969704,68.24314644203331,0.0,1.38,2794,2794,2794,2794,3.71,19.65,-0.87,20
8.4,28.158469119605723,149.0630218011931,68.16060434341789,0.0,1.38,2854,2854,2854,2854,3.71,19.65,-0.83,20
8.5,28.52970966333076,151.02826490541577,68.08246449006195,0.0,1.38,2845,2845,2845,2845,3.71,19.65,-0.78,20
8.6,28.900950207055796,152.99350800963845,68.00849209555167,0.0,1.38,2905,2905,2905,2905,3.71,19.65,-0.74,20
8.7,29.272190750780833,154.95875111386113,67.93846489541527,0.0,1.38,2845,2845,2845,2845,3.71,19.65,-0.7,20
8.8,29.64343129450587,156.9239942180838,67.87217247928614,0.0,1.38,2905,2905,2905,2905,3.71,19.65,-0.66,20
8.9,30.014671838230907,158.88923732230649,67.80941565868389,0.0,1.38,2861,2861,2861,2861,3.71,19.65,-0.63,20
9.0,30.385912381955944,160.85448042652916,67.75000586851377,0.0,1.38,2921,2921,2921,2921,3.71,19.65,-0.59,20
9.1,30.75715292568098,162.81972353075184,67.69376460048605,0.0,1.38,2891,2891,2891,2891,3.71,19.65,-0.56,20
9.2,31.128393469406017,164.78496663497452,67.64052286675314,0.0,1.38,2951,2951,2951,2951,3.71,19.65,-0.53,20
9.3,31.499634013131054,166.7502097391972,67.59012069215267,0.0,1.38,2891,2891,2891,2891,3.71,19.65,-0.5,20
9.4,31.870874556856094,168.71545284341988,67.54240663353087,0.0,1.38,2951,2951,2951,2951,3.71,19.65,-0.48,20
9.5,32.24211510058113,170.68069594764256,67.49723732470225,0.0,1.38,2928,2928,2928,2928,3.71,19.65,-0.45,20
9.6,32.61335564430617,172.64593905186524,67.45447704567782,0.0,1.38,2988,2988,2988,2988,3.71,19.65,-0.43,20
9.7,32.984596188031205,174.61118215608792,67.41399731486803,0.0,1.38,2928,2928,2928,2928,3.71,19.65,-0.4,20
9.8,33.35583673175624,176.5764252603106,67.37567650303475,0.0,1.38,2988,2988,2988,2988,3.71,19.65,-0.38,20
9.9,33.72707727548128,178.54166836453328,67.33939946783259,0.0,1.38,2928,2928,2928,2928,3.71,19.65,-0.36,20
10.0,34.098317819206315,180.50691146875596,67.3050572078412,0.0,1.38,2988,2988,2988,2988,3.71,19.65,-0.34,20
10.1,34.46955836293135,182.47215457297864,67.27254653504936,0.0,1.38,2965,2965,2965,2965,3.71,19.65,-0.33,20
10.2,34.84079890665639,184.43739767720132,67.2417697648064,0.0,1.38,3025,3025,3025,3025,3.71,19.65,-0.31,20
10.3,35.212039450381425,186.402640781424,67.21263442230975,0.0,1.38,2965,2965,2965,2965,3.71,19.65,-0.29,20
10.4,35.58327999410646,188.36788388564668,67.18505296474625,0.0,1.38,3025,3025,3025,3025,3.71,19.65,-0.28,20
10.5,35.9545205378315,190.33312698986936,67.1589425182528,0.0,1.38,2965,2965,2965,2965,3.71,19.65,-0.26,20
10.6,36.325761081556536,192.29837009409204,67.13422462890567,0.0,1.38,3025,3025,3025,3025,3.71,19.65,-0.25,20
10.7,36.69700162528157,194.2636131983147,67.11082502699038,0.0,1.38,2965,2965,2965,2965,3.71,19.65,-0.23,20
10.8,37.06824216900661,196.22885630253734,67.08867340384391,0.0,1.38,3025,3025,3025,3025,3.71,19.65,-0.22,20
10.9,37.439482712731646,198.19409940676002,67.06770320059859,0.0,1.38,2981,2981,2981,2981,3.71,19.65,-0.21,20
11.0,37.81072325645668,200.1593425109827,67.04785140819301,0.0,1.38,3041,3041,3041,3041,3.71,19.65,-0.2,20
11.1,38.18196380018172,202.12458561520535,67.02905837804907,0.0,1.38,2981,2981,2981,2981,3.71,19.65,-0.19,20
11.2,38.553204343906756,204.089828719428,67.01126764284614,0.0,1.38,3041,3041,3041,3041,3.71,19.65,-0.18,20
11.3,38.92444488763179,206.05507182365068,66.99442574685403,0.0,1.38,2981,2981,2981,2981,3.71,19.65,-0.17,20
11.4,39.29568543135683,208.02031492787336,66.97848208531484,0.0,1.38,3041,3041,3041,3041,3.71,19.65,-0.16,20
11.5,39.66692597508187,209.98555803209604,66.96338875239107,0.0,1.38,3002,3002,3002,3002,3.71,19.65,-0.15,20
11.6,40.038166518806904,211.95080113631872,66.94910039722323,0.0,1.38,3062,3062,3062,3062,3.71,19.65,-0.14,20
11.7,40.40940706253194,213.9160442405414,66.93557408766435,0.0,1.38,3002,3002,3002,3002,3.71,19.65,-0.14,20
11.8,40.78064760625698,215.88128734476408,66.92276918128194,0.0,1.38,3062,3062,3062,3062,3.71,19.65,-0.13,20
11.9,41.151888149982014,217.84653044898673,66.91064720323992,0.0,1.38,3002,3002,3002,3002,3.71,19.65,-0.12,20
12.0,41.52312869370705,219.81177355320938,66.89917173069348,0.0,1.38,3062,3062,3062,3062,3.71,19.65,-0.11,20
12.1,41.89436923743209,221.77701665743206,66.88830828334952,0.0,1.38,3002,3002,3002,3002,3.71,19.65,-0.11,20
12.2,42.265609781157124,223.74225976165474,66.8780242198639,0.0,1.38,3062,3062,3062,3062,3.71,19.65,-0.1,20
12.3,42.63685032488216,225.70750286587742,66.86828863976419,0.0,1.38,3002,3002,3002,3002,3.71,19.65,-0.1,20
12.4,43.0080908686072,227.6727459701001,66.85907229060312,0.0,1.38,3062,3062,3062,3062,3.71,19.65,-0.09,20
12.5,43.379331412332235,229.63798907432277,66.85034748006397,0.0,1.38,3011,3011,3011,3011,3.71,19.65,-0.09,20
12.6,43.75057195605727,231.60323217854545,66.84208799275358,0.0,1.38,3071,3071,3071,3071,3.71,19.65,-0.08,20
12.7,44.12181249978231,233.5684752827681,66.83426901143308,0.0,1.38,3011,3011,3011,3011,3.71,19.65,-0.08,20
12.8,44.493053043507345,235.53371838699076,66.82686704244966,0.0,1.38,3071,3071,3071,3071,3.71,19.65,-0.07,20
12.9,44.86429358723238,237.49896149121344,66.81985984514537,0.0,1.38,3011,3011,3011,3011,3.71,19.65,-0.07,20
13.0,45.23553413095742,239.46420459543612,66.81322636503064,0.0,1.38,3071,3071,3071,3071,3.71,19.65,-0.07,20
13.1,45.606774674682455,241.4294476996588,66.80694667052202,0.0,1.38,3011,3011,3011,3011,3.71,19.65,-0.06,20
13.2,45.97801521840749,243.39469080388147,66.80100189305386,0.0,1.38,3071,3071,3071,3071,3.71,19.65,-0.06,20
13.3,46.34925576213253,245.35993390810415,66.79537417038401,0.0,1.38,3018,3018,3018,3018,3.71,19.65,-0.06,20
13.4,46.720496305857566,247.32517701232683,66.79004659292322,0.0,1.38,3078,3078,3078,3078,3.71,19.65,-0.05,20
13.5,47.0917368495826,249.29042011654948,66.785003152927,0.0,1.38,3018,3018,3018,3018,3.71,19.65,-0.05,20
13.6,47.46297739330764,251.25566322077213,66.78022869639724,0.0,1.38,3078,3078,3078,3078,3.71,19.65,-0.05,20
13.7,47.834217937032676,253.22090632499481,66.77570887754908,0.0,1.38,3018,3018,3018,3018,3.71,19.65,-0.05,20
13.8,48.20545848075771,255.1861494292175,66.77143011570615,0.0,1.38,3078,3078,3078,3078,3.71,19.65,-0.04,20
13.9,48.57669902448275,257.1513925334402,66.76737955449485,0.0,1.38,3018,3018,3018,3018,3.71,19.65,-0.04,20
14.0,48.94793956820779,259.11663563766285,66.76354502321482,0.0,1.38,3078,3078,3078,3078,3.71,19.65,-0.04,20
14.1,49.31918011193282,261.08187874188553,66.75991500026971,0.0,1.38,3018,3018,3018,3018,3.71,19.65,-0.04,20
14.2,49.69042065565786,263.0471218461082,66.75647857854835,0.0,1.38,3078,3078,3078,3078,3.71,19.65,-0.03,20
14.3,50.0616611993829,265.0123649503309,66.75322543265213,0.0,1.38,3022,3022,3022,3022,3.71,19.65,-0.03,20
14.4,50.432901743107934,266.97760805455357,66.75014578787037,0.0,1.38,3082,3082,3082,3082,3.71,19.65,-0.03,20
14.5,50.80414228683297,268.94285115877625,66.7472303908103,0.0,1.38,3022,3022,3022,3022,3.71,19.65,-0.03,20
14.6,51.17538283055801,270.90809426299893,66.74447048159344,0.0,1.38,3082,3082,3082,3082,3.71,19.65,-0.03,20
14.7,51.546623374283044,272.8733373672216,66.74185776753481,0.0,1.38,3022,3022,3022,3022,3.71,19.65,-0.03,20
14.8,51.91786391800808,274.8385804714443,66.73938439822598,0.0,1.38,3082,3082,3082,3082,3.71,19.65,-0.02,20
14.9,52.28910446173312,276.80382357566697,66.73704294194695,0.0,1.38,3022,3022,3022,3022,3.71,19.65,-0.02,20
15.0,52.660345005458154,278.76906667988965,66.73482636333614,0.0,1.38,3082,3082,3082,3082,3.71,19.65,-0.02,20
15.1,53.03158554918319,280.7343097841123,66.73272800225124,0.0,1.38,3023,3023,3023,3023,3.71,19.65,-0.02,20
15.2,53.40282609290823,282.699552888335,66.73074155375753,0.0,1.38,3083,3083,3083,3083,3.71,19.65,-0.02,20
15.3,53.774066636633265,284.6647959925577,66.72886104918348,0.0,1.38,3023,3023,3023,3023,3.71,19.65,-0.02,20
15.4,54.1453071803583,286.63003909678037,66.72708083818671,0.0,1.38,3083,3083,3083,3083,3.71,19.65,-0.02,20
15.5,54.51654772408334,288.59528220100304,66.72539557177643,0.0,1.38,3025,3025,3025,3025,3.71,19.65,-0.02,20
15.6,54.887788267808375,290.5605253052257,66.72380018624138,0.0,1.38,3085,3085,3085,3085,3.71,19.65,-0.02,20
15.7,55.25902881153341,292.5257684094484,66.72228988793486,0.0,1.38,3025,3025,3025,3025,3.71,19.65,-0.02,20
15.8,55.63026935525845,294.4910115136711,66.72086013887136,0.0,1.38,3085,3085,3085,3085,3.71,19.65,-0.01,20
15.9,56.001509898983485,296.45625461789376,66.71950664309124,0.0,1.38,3025,3025,3025,3025,3.71,19.65,-0.01,20
16.0,56.37275044270852,298.42149772211644,66.71822533375273,0.0,1.38,3085,3085,3085,3085,3.71,19.65,-0.01,20
16.1,56.74399098643356,300.3867408263391,66.71701236091226,0.0,1.38,3025,3025,3025,3025,3.71,19.65,-0.01,20
16.2,57.115231530158596,302.3519839305618,66.71586407995663,0.0,1.38,3085,3085,3085,3085,3.71,19.65,-0.01,20
16.3,57.48647207388363,304.3172270347845,66.71477704065197,0.0,1.38,3025,3025,3025,3025,3.71,19.65,-0.01,20
16.4,57.85771261760867,306.28247013900716,66.71374797677689,0.0,1.38,3085,3085,3085,3085,3.71,19.65,-0.01,20
16.5,58.228953161333706,308.24771324322984,66.71277379630847,0.0,1.38,3027,3027,3027,3027,3.71,19.65,-0.01,20
16.6,58.60019370505874,310.2129563474525,66.7118515721317,0.0,1.38,3087,3087,3087,3087,3.71,19.65,-0.01,20
16.7,58.97143424878378,312.1781994516752,66.71097853324437,0.0,1.38,3027,3027,3027,3027,3.71,19.65,-0.01,20
16.8,59.34267479250882,314.1434425558979,66.71015205643103,0.0,1.38,3087,3087,3087,3087,3.71,19.65,-0.01,20
16.9,59.71391533623385,316.10868566012056,66.70936965838106,0.0,1.38,3027,3027,3027,3027,3.71,19.65,-0.01,20
17.0,60.08515587995889,318.07392876434324,66.70862898822709,0.0,1.38,3087,3087,3087,3087,3.71,19.65,-0.01,20
17.1,60.45639642368393,320.0391718685659,66.70792782048133,0.0,1.38,3027,3027,3027,3027,3.71,19.65,-0.01,20
17.2,60.827636967408964,322.0044149727886,66.70726404834868,0.0,1.38,3087,3087,3087,3087,3.71,19.65,-0.01,20
17.3,61.19887751113401,323.9696580770113,66.70663567739643,0.0,1.38,3027,3027,3027,3027,3.71,19.65,-0.01,20
17.4,61.57011805485905,325.93490118123395,66.70604081956165,0.0,1.38,3087,3087,3087,3087,3.71,19.65,-0.01,20
17.5,61.941358598584095,327.90014428545663,66.70547768747805,0.0,1.38,3027,3027,3027,3027,3.71,19.65,-0.01,20
17.6,62.31259914230914,329.8653873896793,66.70494458910558,0.0,1.38,3087,3087,3087,3087,3.71,19.65,-0.01,20
17.7,62.68383968603418,331.830630493902,66.7044399226463,0.0,1.38,3027,3027,3027,3027,3.71,19.65,-0.01,20
17.8,63.05508022975923,333.7958735981247,66.70396217173152,0.0,1.38,3087,3087,3087,3087,3.71,19.65,-0.0,20
17.9,63.426320773484264,335.76111670234735,66.70350990086553,0.0,1.38,3027,3027,3027,3027,3.71,19.65,-0.0,20
18.0,63.79756131720931,337.72635980657003,66.70308175111239,0.0,1.38,3087,3087,3087,3087,3.71,19.65,-0.0,20
18.1,64.16880186093435,339.6916029107927,66.70267643601275,0.0,1.38,3028,3028,3028,3028,3.71,19.65,-0.0,20
18.2,64.54004240465939,341.6568460150154,66.70229273771842,0.0,1.38,3088,3088,3088,3088,3.71,19.65,-0.0,20
18.3,64.91128294838443,343.62208911923807,66.70192950333313,0.0,1.38,3028,3028,3028,3028,3.71,19.65,-0.0,20
18.4,65.28252349210946,345.58733222346075,66.70158564144839,0.0,1.38,3088,3088,3088,3088,3.71,19.65,-0.0,20
18.5,65.6537640358345,347.5525753276834,66.70126011886417,0.0,1.38,3028,3028,3028,3028,3.71,19.65,-0.0,20
18.6,66.02500457955954,349.5178184319061,66.70095195748443,0.0,1.38,3088,3088,3088,3088,3.71,19.65,-0.0,20
18.7,66.39624512328457,351.4830615361288,66.70066023137828,0.0,1.38,3028,3028,3028,3028,3.71,19.65,-0.0,20
18.8,66.76748566700961,353.44830464035147,66.70038406399779,0.0,1.38,3088,3088,3088,3088,3.71,19.65,-0.0,20
18.9,67.13872621073465,355.41354774457415,66.70012262554425,0.0,1.38,3028,3028,3028,3028,3.71,19.65,-0.0,20
19.0,67.50996675445968,357.3787908487968,66.69987513047491,0.0,1.38,3088,3088,3088,3088,3.71,19.65,-0.0,20
19.1,67.88120729818472,359.3440339530195,66.6996408351426,0.0,1.38,3028,3028,3028,3028,3.71,19.65,-0.0,20
19.2,68.25244784190976,361.3092770572422,66.69941903556135,0.0,1.38,3088,3088,3088,3088,3.71,19.65,-0.0,20
19.3,68.6236883856348,363.27452016146486,66.6992090652911,0.0,1.38,3028,3028,3028,3028,3.71,19.65,-0.0,20
19.4,68.99492892935983,365.23976326568754,66.69901029343526,0.0,1.38,3088,3088,3088,3088,3.71,19.65,-0.0,20
19.5,69.36616947308487,367.2050063699102,66.69882212274507,0.0,1.38,3028,3028,3028,3028,3.71,19.65,-0.0,20
19.6,69.7374100168099,369.1702494741329,66.69864398782502,0.0,1.38,3088,3088,3088,3088,3.71,19.65,-0.0,20
19.7,70.10865056053494,371.1354925783556,66.69847535343405,0.0,1.38,3028,3028,3028,3028,3.71,19.65,-0.0,20
19.8,70.47989110425998,373.10073568257826,66.69831571287726,0.0,1.38,3088,3088,3088,3088,3.71,19.65,-0.0,20
19.9,70.85113164798501,375.06597878680094,66.6981645864835,0.0,1.38,3028,3028,3028,3028,3.71,19.65,-0.0,20
20.0,71.22237219171005,377.0312218910236,66.69802152016406,0.0,1.38,3088,3088,3088,3088,3.71,19.65,-0.0,20
20.1,71.59361273543509,378.9964649952463,66.69788608404833,0.0,1.38,3028,3028,3028,3028,3.71,19.65,-0.0,20
20.2,71.96485327916012,380.961708099469,66.69775787119211,0.0,1.38,3088,3088,3088,3088,3.71,19.65,-0.0,20
20.3,72.33609382288516,382.92695120369166,66.69763649635489,0.0,1.38,3028,3028,3028,3028,3.71,19.65,-0.0,20
20.4,72.7073343666102,384.89219430791434,66.69752159484231,0.0,1.38,3088,3088,3088,3088,3.71,19.65,-0.0,20
20.5,73.07857491033523,386.857437412137,66.69741282141041,0.0,1.38,3028,3028,3028,3028,3.71,19.65,-0.0,20
20.6,73.44981545406027,388.8226805163597,66.6973098492282,0.0,1.38,3088,3088,3088,3088,3.71,19.65,-0.0,20
20.7,73.82105599778531,390.7879236205824,66.69721236889572,0.0,1.38,3028,3028,3028,3028,3.71,19.65,-0.0,20
20.8,74.19229654151034,392.75316672480506,66.6971200875143,0.0,1.38,3088,3088,3088,3088,3.71,19.65,-0.0,20
20.9,74.56353708523538,394.71840982902773,66.69703272780656,0.0,1.38,3028,3028,3028,3028,3.71,19.65,-0.0,20
21.0,74.93477762896042,396.6836529332504,66.69695002728324,0.0,1.38,3088,3088,3088,3088,3.71,19.65,-0.0,20
21.1,75.30601817268546,398.6488960374731,66.69687173745449,0.0,1.38,3028,3028,3028,3028,3.71,19.65,-0.0,20
21.2,75.67725871641049,400.6141391416958,66.69679762308327,0.0,1.38,3088,3088,3088,3088,3.71,19.65,-0.0,20
21.3,76.04849926013553,402.57938224591845,66.69672746147852,0.0,1.38,3028,3028,3028,3028,3.71,19.65,-0.0,20
21.4,76.41973980386057,404.54462535014113,66.69666104182602,0.0,1.38,3088,3088,3088,3088,3.71,19.65,-0.0,20
21.5,76.7909803475856,406.5098684543638,66.69659816455498,0.0,1.38,3028,3028,3028,3028,3.71,19.65,-0.0,20
21.6,77.16222089131064,408.4751115585865,66.69653864073841,0.0,1.38,3088,3088,3088,3088,3.71,19.65,-0.0,20
21.7,77.53346143503568,410.44035466280917,66.69648229152538,0.0,1.38,3028,3028,3028,3028,3.71,19.65,-0.0,20
21.8,77.90470197876071,412.40559776703185,66.69642894760372,0.0,1.38,3088,3088,3088,3088,3.71,19.65,-0.0,20
21.9,78.27594252248575,414.37084087125453,66.6963784486912,0.0,1.38,3028,3028,3028,3028,3.71,19.65,-0.0,20
22.0,78.64718306621079,416.3360839754772,66.69633064305403,0.0,1.38,3088,3088,3088,3088,3.71,19.65,-0.0,20
22.1,79.01842360993582,418.3013270796999,66.69628538705084,0.0,1.38,3028,3028,3028,3028,3.71,19.65,-0.0,20
22.2,79.38966415366086,420.26657018392257,66.69624254470115,0.0,1.38,3088,3088,3088,3088,3.71,19.65,-0.0,20
22.3,79.7609046973859,422.23181328814525,66.69620198727678,0.0,1.38,3028,3028,3028,3028,3.71,19.65,-0.0,20
22.4,80.13214524111093,424.1970563923679,66.69616359291504,0.0,1.38,3088,3088,3088,3088,3.71,19.65,-0.0,20
22.5,80.50338578483597,426.1622994965906,66.69612724625259,0.0,1.38,3028,3028,3028,3028,3.71,19.65,-0.0,20
22.6,80.874626328561,428.1275426008133,66.6960928380788,0.0,1.38,3088,3088,3088,3088,3.71,19.65,-0.0,20
22.7,81.24586687228604,430.09278570503596,66.69606026500762,0.0,1.38,3028,3028,3028,3028,3.71,19.65,-0.0,20
22.8,81.61710741601108,432.05802880925864,66.6960294291669,0.0,1.38,3088,3088,3088,3088,3.71,19.65,-0.0,20
22.9,81.98834795973612,434.0232719134813,66.69600023790436,0.0,1.38,3028,3028,3028,3028,3.71,19.65,-0.0,20
23.0,82.35958850346115,435.988515017704,66.69597260350915,0.0,1.38,3088,3088,3088,3088,3.71,19.65,-0.0,20
23.1,82.73082904718619,437.9537581219267,66.69594644294834,0.0,1.38,3028,3028,3028,3028,3.71,19.65,-0.0,20
23.2,83.10206959091124,439.91900122614936,66.69592167761745,0.0,1.38,3088,3088,3088,3088,3.71,19.65,-0.0,20
23.3,83.47331013463628,441.88424433037204,66.6958982331042,0.0,1.38,3028,3028,3028,3028,3.71,19.65,-0.0,20
23.4,83.84455067836133,443.8494874345947,66.695876038965,0.0,1.38,3088,3088,3088,3088,3.71,19.65,-0.0,20
23.5,84.21579122208638,445.8147305388174,66.69585502851322,0.0,1.38,3028,3028,3028,3028,3.71,19.65,-0.0,20
23.6,84.58703176581142,447.7799736430401,66.69583513861888,0.0,1.38,3088,3088,3088,3088,3.71,19.65,-0.0,20
23.7,84.95827230953647,449.74521674726276,66.69581630951889,0.0,1.38,3028,3028,3028,3028,3.71,19.65,-0.0,20
23.8,85.32951285326152,451.71045985148544,66.69579848463756,0.0,1.38,3088,3088,3088,3088,3.71,19.65,-0.0,20
23.9,85.70075339698656,453.6757029557081,66.69578161041657,0.0,1.38,3028,3028,3028,3028,3.71,19.65,-0.0,20
24.0,86.07199394071161,455.6409460599308,66.69576563615405,0.0,1.38,3088,3088,3088,3088,3.71,19.65,-0.0,20
24.1,86.44323448443666,457.6061891641535,66.69575051385219,0.0,1.38,3028,3028,3028,3028,3.71,19.65,-0.0,20
24.2,86.81447502816171,459.57143226837616,66.69573619807309,0.0,1.38,3088,3088,3088,3088,3.71,19.65,-0.0,20
24.3,87.18571557188676,461.53667537259884,66.69572264580222,0.0,1.38,3028,3028,3028,3028,3.71,19.65,-0.0,20
24.4,87.5569561156118,463.5019184768215,66.69570981631912,0.0,1.38,3088,3088,3088,3088,3.71,19.65,-0.0,20
24.5,87.92819665933685,465.4671615810442,66.69569767107512,0.0,1.38,3028,3028,3028,3028,3.71,19.65,-0.0,20
24.6,88.2994372030619,467.4324046852669,66.69568617357747,0.0,1.38,3088,3088,3088,3088,3.71,19.65,-0.0,20
24.7,88.67067774678694,469.39764778948955,66.69567528927969,0.0,1.38,3028,3028,3028,3028,3.71,19.65,-0.0,20
24.8,89.04191829051199,471.36289089371223,66.69566498547779,0.0,1.38,3088,3088,3088,3088,3.71,19.65,-0.0,20
24.9,89.41315883423704,473.3281339979349,66.695655231212,0.0,1.38,3028,3028,3028,3028,3.71,19.65,-0.0,20
25.0,89.78439937796207,475.2933771021576,66.69564599717371,0.0,1.38,3088,3088,3088,3088,3.71,19.65,-0.0,20
25.1,90.15563992168713,477.2586202063803,66.69563725561747,0.0,1.38,3028,3028,3028,3028,3.71,19.65,-0.0,20
25.2,90.52688046541218,479.22386331060295,66.69562898027756,0.0,1.38,3088,3088,3088,3088,3.71,19.65,-0.0,20
25.3,90.89812100913721,481.18910641482563,66.69562114628911,0.0,1.38,3028,3028,3028,3028,3.71,19.65,-0.0,20
25.4,91.26936155286226,483.1543495190483,66.69561373011338,0.0,1.38,3088,3088,3088,3088,3.71,19.65,-0.0,20
25.5,91.64060209658732,485.119592623271,66.69560670946701,0.0,1.38,3028,3028,3028,3028,3.71,19.65,-0.0,20
25.6,92.01184264031235,487.08483572749367,66.69560006325513,0.0,1.38,3088,3088,3088,3088,3.71,19.65,-0.0,20
25.7,92.3830831840374,489.05007883171635,66.69559377150787,0.0,1.38,3028,3028,3028,3028,3.71,19.65,-0.0,20
25.8,92.75432372776245,491.015321935939,66.69558781532048,0.0,1.38,3088,3088,3088,3088,3.71,19.65,-0.0,20
25.9,93.12556427148749,492.9805650401617,66.6955821767964,0.0,1.38,3028,3028,3028,3028,3.71,19.65,-0.0,20
26.0,93.49680481521254,494.9458081443844,66.69557683899362,0.0,1.38,3088,3088,3088,3088,3.71,19.65,-0.0,20
26.1,93.8680453589376,496.91105124860707,66.69557178587364,0.0,1.38,3028,3028,3028,3028,3.71,19.65,-0.0,20
26.2,94.23928590266263,498.87629435282975,66.6955670022534,0.0,1.38,3088,3088,3088,3088,3.71,19.65,-0.0,20
26.3,94.61052644638768,500.8415374570524,66.69556247375957,0.0,1.38,3028,3028,3028,3028,3.71,19.65,-0.0,20
26.4,94.98176699011273,502.8067805612751,66.6955581867854,0.0,1.38,3088,3088,3088,3088,3.71,19.65,-0.0,20
26.5,95.35300753383778,504.7720236654978,66.69555412844987,0.0,1.38,3028,3028,3028,3028,3.71,19.65,-0.0,20
26.6,95.72424807756283,506.73726676972046,66.6955502865589,0.0,1.38,3088,3088,3088,3088,3.71,19.65,-0.0,20
26.7,96.09548862128787,508.70250987394314,66.69554664956878,0.0,1.38,3028,3028,3028,3028,3.71,19.65,-0.0,20
26.8,96.46672916501292,510.6677529781658,66.69554320655146,0.0,1.38,3088,3088,3088,3088,3.71,19.65,-0.0,20
26.9,96.83796970873797,512.6329960823884,66.69553994716173,0.0,1.38,3028,3028,3028,3028,3.71,19.65,-0.0,20
27.0,97.20921025246301,514.5982391866111,66.69553686160613,0.0,1.38,3088,3088,3088,3088,3.71,19.65,-0.0,20
27.1,97.58045079618805,516.5634822908337,66.69553394061349,0.0,1.38,3028,3028,3028,3028,3.71,19.65,-0.0,20
27.2,97.95169133991308,518.5287253950563,66.69553117540713,0.0,1.38,3088,3088,3088,3088,3.71,19.65,-0.0,20
27.3,98.32293188363812,520.4939684992789,66.69552855767843,0.0,1.38,3028,3028,3028,3028,3.71,19.65,-0.0,20
27.4,98.69417242736316,522.4592116035016,66.69552607956193,0.0,1.38,3088,3088,3088,3088,3.71,19.65,-0.0,20
27.5,99.0654129710882,524.4244547077242,66.69552373361165,0.0,1.38,3028,3028,3028,3028,3.71,19.65,-0.0,20
27.6,99.43665351481323,526.3896978119468,66.69552151277871,0.0,1.38,3088,3088,3088,3088,3.71,19.65,-0.0,20
27.7,99.80789405853827,528.3549409161694,66.6955194103902,0.0,1.38,3028,3028,3028,3028,3.71,19.65,-0.0,20
27.8,100.1791346022633,530.320184020392,66.69551742012908,0.0,1.38,3088,3088,3088,3088,3.71,19.65,-0.0,20
27.9,100.55037514598834,532.2854271246147,66.69551553601522,0.0,1.38,3028,3028,3028,3028,3.71,19.65,-0.0,20
28.0,100.92161568971338,534.2506702288373,66.69551375238743,0.0,1.38,3088,3088,3088,3088,3.71,19.65,-0.0,20
28.1,101.29285623343841,536.2159133330599,66.69551206388645,0.0,1.38,3028,3028,3028,3028,3.71,19.65,-0.0,20
28.2,101.66409677716345,538.1811564372825,66.69551046543886,0.0,1.38,3088,3088,3088,3088,3.71,19.65,-0.0,20
28.3,102.03533732088849,540.1463995415052,66.69550895224181,0.0,1.38,3028,3028,3028,3028,3.71,19.65,-0.0,20
28.4,102.40657786461352,542.1116426457278,66.6955075197486,0.0,1.38,3088,3088,3088,3088,3.71,19.65,-0.0,20
28.5,102.77781840833856,544.0768857499504,66.69550616365503,0.0,1.38,3028,3028,3028,3028,3.71,19.65,-0.0,20
28.6,103.1490589520636,546.042128854173,66.69550487988644,0.0,1.38,3088,3088,3088,3088,3.71,19.65,-0.0,20
28.7,103.52029949578863,548.0073719583957,66.69550366458552,0.0,1.38,3028,3028,3028,3028,3.71,19.65,-0.0,20
28.8,103.89154003951367,549.9726150626183,66.69550251410064,0.0,1.38,3088,3088,3088,3088,3.71,19.65,-0.0,20
28.9,104.26278058323871,551.9378581668409,66.69550142497496,0.0,1.38,3028,3028,3028,3028,3.71,19.65,-0.0,20
29.0,104.63402112696375,553.9031012710635,66.69550039393599,0.0,1.38,3088,3088,3088,3088,3.71,19.65,-0.0,20
29.1,105.00526167068878,555.8683443752861,66.69549941788576,0.0,1.38,3028,3028,3028,3028,3.71,19.65,-0.0,20
29.2,105.37650221441382,557.8335874795088,66.69549849389153,0.0,1.38,3088,3088,3088,3088,3.71,19.65,-0.0,20
29.3,105.74774275813886,559.7988305837314,66.695497619177,0.0,1.38,3028,3028,3028,3028,3.71,19.65,-0.0,20
29.4,106.11898330186389,561.764073687954,66.69549679111392,0.0,1.38,3088,3088,3088,3088,3.71,19.65,-0.0,20
29.5,106.49022384558893,563.7293167921766,66.6954960072142,0.0,1.38,3028,3028,3028,3028,3.71,19.65,-0.0,20
29.6,106.86146438931397,565.6945598963993,66.69549526512246,0.0,1.38,3088,3088,3088,3088,3.71,19.65,-0.0,20
29.7,107.232704933039,567.6598030006219,66.69549456260896,0.0,1.38,3028,3028,3028,3028,3.71,19.65,-0.0,20
29.8,107.60394547676404,569.6250461048445,66.69549389756283,0.0,1.38,3088,3088,3088,3088,3.71,19.65,-0.0,20
29.9,107.97518602048908,571.5902892090671,66.69549326798582,0.0,1.38,3028,3028,3028,3028,3.71,19.65,-0.0,20
30.0,108.34642656421411,573.5555323132897,66.69549267198627,0.0,1.38,3088,3088,3088,3088,3.71,19.65,-0.0,20
30.1,108.71766710793915,575.5207754175124,66.69549210777336,0.0,1.38,3028,3028,3028,3028,3.71,19.65,-0.0,20
30.2,109.08890765166419,577.486018521735,66.69549157365181,0.0,1.38,3088,3088,3088,3088,3.71,19.65,-0.0,20
30.3,109.46014819538922,579.4512616259576,66.69549106801674,0.0,1.38,3028,3028,3028,3028,3.71,19.65,-0.0,20
30.4,109.83138873911426,581.4165047301802,66.69549058934886,0.0,1.38,3088,3088,3088,3088,3.71,19.65,-0.0,20
30.5,110.2026292828393,583.3817478344029,66.69549013620994,0.0,1.38,3028,3028,3028,3028,3.71,19.65,-0.0,20
30.6,110.57386982656433,585.3469909386255,66.69548970723844,0.0,1.38,3088,3088,3088,3088,3.71,19.65,-0.0,20
30.7,110.94511037028937,587.3122340428481,66.69548930114541,0.0,1.38,3028,3028,3028,3028,3.71,19.65,-0.0,20
30.8,111.31635091401441,589.2774771470707,66.69548891671069,0.0,1.38,3088,3088,3088,3088,3.71,19.65,-0.0,20
30.9,111.68759145773944,591.2427202512933,66.69548855277914,0.0,1.38,3028,3028,3028,3028,3.71,19.65,-0.0,20
31.0,112.05883200146448,593.207963355516,66.69548820825727,0.0,1.38,3088,3088,3088,3088,3.71,19.65,-0.0,20
31.1,112.43007254518952,595.1732064597386,66.6954878821099,0.0,1.38,3028,3028,3028,3028,3.71,19.65,-0.0,20
31.2,112.78000505780145,597.0256508357043,66.69548757335706,0.0,1.38,3088,3088,3088,3088,3.5,18.52,-0.0,20
31.3,113.08327990206512,598.6311026282078,66.69548728107104,0.0,1.38,3028,3028,3028,3028,3.03,16.05,-0.0,20
31.4,113.34611810042696,600.022494181711,66.6954870043736,0.0,1.38,2968,2968,2968,2968,2.63,13.91,-0.0,20
31.5,113.5739112056739,601.2283668614136,66.69548674243336,0.0,1.38,2908,2908,2908,2908,2.28,12.06,-0.0,20
31.6,113.7713318968879,602.273456517156,66.69548649446327,0.0,1.38,2866,2866,2866,2866,1.97,10.45,-0.0,20
31.7,113.94242982927338,603.179200885466,66.69548625971825,0.0,1.38,2903,2903,2903,2903,1.71,9.06,-0.0,20
31.8,114.09071470400745,603.9641793380014,66.69548603749297,0.0,1.38,2843,2843,2843,2843,1.48,7.85,-0.0,20
31.9,114.21922826211032,604.6444939968653,66.6954858271197,0.0,1.38,2783,2783,2783,2783,1.29,6.8,-0.0,20
32.0,114.67512462923048,603.6433597958884,66.77548612584974,-0.87,-1.14,2843,2843,2843,2843,4.56,-10.01,0.8,20
32.1,115.20861801582535,602.4718249607043,66.86188644847819,-0.87,-1.14,2903,2903,2903,2903,5.33,-11.72,0.86,20
32.2,115.83826597036824,601.0891376937494,66.95519879691692,-0.88,-1.14,2963,2963,2963,2963,6.3,-13.83,0.93,20
32.3,116.58555390978933,599.4481166896605,67.05597613323074,-0.88,-1.14,3023,3023,3023,3023,7.47,-16.41,1.01,20
32.4,117.41441831449805,597.627956312494,67.16481565644968,-0.88,-1.14,3083,3083,3083,3083,8.29,-18.2,1.09,20
32.5,118.24328271920677,595.8077959353275,67.28236234152612,-0.88,-1.14,3143,3143,3143,3143,8.29,-18.2,1.18,20
32.6,119.0721471239155,593.987635558161,67.40931276140869,-0.89,-1.14,3203,3203,3203,3203,8.29,-18.2,1.27,20
32.7,119.90101152862422,592.1674751809944,67.54641921488185,-0.89,-1.14,3263,3263,3263,3263,8.29,-18.2,1.37,20
32.8,120.72987593333295,590.3473148038279,67.69449418463287,-0.89,-1.14,3323,3323,3323,3323,8.29,-18.2,1.48,20
32.9,121.55874033804167,588.5271544266614,67.85441515196398,-0.9,-1.14,3383,3383,3383,3383,8.29,-18.2,1.6,20
33.0,122.3876047427504,586.7069940494948,68.02712979668156,-0.9,-1.14,3443,3443,3443,3443,8.29,-18.2,1.73,20
33.1,123.21646914745912,584.8868336723283,68.21366161297655,-0.9,-1.14,3503,3503,3503,3503,8.29,-18.2,1.87,20
33.2,124.04533355216785,583.0666732951618,68.41511597457514,-0.91,-1.14,3563,3563,3563,3563,8.29,-18.2,2.01,20
33.3,124.87419795687657,581.2465129179952,68.63268668510162,-0.91,-1.14,3623,3623,3623,3623,8.29,-18.2,2.18,20
33.4,125.7030623615853,579.4263525408287,68.86766305247022,-0.91,-1.14,3683,3683,3683,3683,8.29,-18.2,2.35,20
33.5,126.53192676629402,577.6061921636622,69.1214375292283,-0.92,-1.14,3743,3743,3743,3743,8.29,-18.2,2.54,20
33.6,127.36079117100275,575.7860317864956,69.39551396412703,-0.92,-1.14,3803,3803,3803,3803,8.29,-18.2,2.74,20
33.7,128.18965557571147,573.9658714093291,69.69151651381766,-0.92,-1.14,3863,3863,3863,3863,8.29,-18.2,2.96,20
33.8,129.0185199804202,572.1457110321626,70.01119926748355,-0.92,-1.14,3923,3923,3923,3923,8.29,-18.2,3.2,20
33.9,129.84738438512892,570.325550654996,70.3564566414427,-0.93,-1.14,3983,3983,3983,3983,8.29,-18.2,3.45,20
34.0,130.67624878983764,568.5053902778295,70.72933460531858,-0.93,-1.14,4043,4043,4043,4043,8.29,-18.2,3.73,20
34.1,131.50511319454637,566.685229900663,71.13204280630454,-0.93,-1.14,4103,4103,4103,4103,8.29,-18.2,4.03,20
34.2,132.3339775992551,564.8650695234965,71.56696766336937,-0.94,-1.14,4163,4163,4163,4163,8.29,-18.2,4.35,20
34.3,133.16284200396382,563.0449091463299,72.03668650899938,-0.94,-1.14,4223,4223,4223,4223,8.29,-18.2,4.7,20
34.4,133.99170640867254,561.2247487691634,72.5439828622798,-0.94,-1.14,4283,4283,4283,4283,8.29,-18.2,5.07,20
34.5,134.82057081338127,559.4045883919969,73.09186292382266,-0.95,-1.14,4343,4343,4343,4343,8.29,-18.2,5.48,20
34.6,135.64943521809,557.5844280148303,73.68357339028894,-0.95,-1.14,4403,4403,4403,4403,8.29,-18.2,5.92,20
34.7,136.47829962279872,555.7642676376638,74.32262069407253,-0.95,-1.14,4463,4463,4463,4463,8.29,-18.2,6.39,20
34.8,137.30716402750744,553.9441072604973,75.0127917821588,-0.96,-1.14,4523,4523,4523,4523,8.29,-18.2,6.9,20
34.9,138.13602843221616,552.1239468833307,75.75817655729197,-0.96,-1.14,4583,4583,4583,4583,8.29,-18.2,7.45,20
35.0,138.9648928369249,550.3037865061642,76.55817655729197,-0.96,-1.14,4643,4643,4643,4643,8.29,-18.2,8.0,20
35.1,139.7937572416336,548.4836261289977,77.35817655729197,-0.96,-1.14,4703,4703,4703,4703,8.29,-18.2,8.0,20
35.2,140.62262164634234,546.6634657518312,78.15817655729197,-0.97,-1.14,4763,4763,4763,4763,8.29,-18.2,8.0,20
35.3,141.45148605105106,544.8433053746646,78.95817655729196,-0.97,-1.14,4823,4823,4823,4823,8.29,-18.2,8.0,20
35.4,142.2803504557598,543.0231449974981,79.75817655729196,-0.97,-1.14,4883,4883,4883,4883,8.29,-18.2,8.0,20
35.5,143.1092148604685,541.2029846203316,80.55817655729196,-0.97,-1.14,4943,4943,4943,4943,8.29,-18.2,8.0,20
35.6,143.93807926517724,539.382824243165,81.35817655729196,-0.98,-1.14,5000,5000,5000,5000,8.29,-18.2,8.0,20
35.7,144.76694366988596,537.5626638659985,82.15817655729195,-0.98,-1.14,5000,5000,5000,5000,8.29,-18.2,8.0,20
35.8,145.5958080745947,535.742503488832,82.95817655729195,-0.98,-1.14,5000,5000,5000,5000,8.29,-18.2,8.0,20
35.9,146.4246724793034,533.9223431116654,83.75817655729195,-0.99,-1.14,5000,5000,5000,5000,8.29,-18.2,8.0,20
36.0,147.25353688401214,532.1021827344989,84.55817655729194,-0.99,-1.14,5000,5000,5000,5000,8.29,-18.2,8.0,20
36.1,148.08240128872086,530.2820223573324,85.35817655729194,-0.99,-1.14,5000,5000,5000,5000,8.29,-18.2,8.0,20
36.2,148.91126569342958,528.4618619801658,86.15817655729194,-1.0,-1.14,5000,5000,5000,5000,8.29,-18.2,8.0,20
36.3,149.7401300981383,526.6417016029993,86.95817655729194,-1.0,-1.14,5000,5000,5000,5000,8.29,-18.2,8.0,20
36.4,150.56899450284703,524.8215412258328,87.75817655729193,-1.0,-1.14,5000,5000,5000,5000,8.29,-18.2,8.0,20
36.5,151.39785890755576,523.0013808486663,88.55817655729193,-1.0,-1.14,5000,5000,5000,5000,8.29,-18.2,8.0,20
36.6,152.22672331226448,521.1812204714997,89.35817655729193,-1.01,-1.14,5000,5000,5000,5000,8.29,-18.2,8.0,20
36.7,153.0555877169732,519.3610600943332,90.15817655729192,-1.01,-1.14,5000,5000,5000,5000,8.29,-18.2,8.0,20
36.8,153.88445212168193,517.5408997171667,90.95817655729192,-1.01,-1.14,5000,5000,5000,5000,8.29,-18.2,8.0,20
36.9,154.71331652639066,515.7207393400001,91.75817655729192,-1.02,-1.14,5000,5000,5000,5000,8.29,-18.2,8.0,20
37.0,155.54218093109938,513.9005789628336,92.55817655729192,-1.02,-1.14,5000,5000,5000,5000,8.29,-18.2,8.0,20
37.1,156.3710453358081,512.0804185856671,93.35817655729191,-1.02,-1.14,5000,5000,5000,5000,8.29,-18.2,8.0,20
37.2,157.19990974051683,510.2602582085006,94.15817655729191,-1.03,-1.14,5000,5000,5000,5000,8.29,-18.2,8.0,20
37.3,158.02877414522555,508.4400978313341,94.9581765572919,-1.03,-1.14,5000,5000,5000,5000,8.29,-18.2,8.0,20
37.4,158.85763854993428,506.61993745416765,95.7581765572919,-1.03,-1.14,5000,5000,5000,5000,8.29,-18.2,8.0,20
37.5,159.686502954643,504.7997770770012,96.5581765572919,-1.04,-1.14,5000,5000,5000,5000,8.29,-18.2,8.0,20
37.6,160.51536735935173,502.9796166998347,97.3581765572919,-1.04,-1.14,5000,5000,5000,5000,8.29,-18.2,8.0,20
37.7,161.34423176406045,501.15945632266823,98.1581765572919,-1.04,-1.14,5000,5000,5000,5000,8.29,-18.2,8.0,20
37.8,162.17309616876918,499.33929594550176,98.95817655729189,-1.05,-1.14,5000,5000,5000,5000,8.29,-18.2,8.0,20
37.9,163.0019605734779,497.5191355683353,99.75817655729189,-1.05,-1.14,5000,5000,5000,5000,8.29,-18.2,8.0,20
38.0,163.83082497818663,495.6989751911688,100.55817655729189,-1.05,-1.14,5000,5000,5000,5000,8.29,-18.2,8.0,20
38.1,164.65968938289535,493.87881481400234,101.35817655729188,-1.06,-1.14,5000,5000,5000,5000,8.29,-18.2,8.0,20
38.2,165.48855378760408,492.05865443683587,102.15817655729188,-1.06,-1.14,5000,5000,5000,5000,8.29,-18.2,8.0,20
38.3,166.3174181923128,490.2384940596694,102.95817655729188,-1.07,-1.14,5000,5000,5000,5000,8.29,-18.2,8.0,20
38.4,167.14628259702152,488.4183336825029,103.75817655729188,-1.07,-1.14,5000,5000,5000,5000,8.29,-18.2,8.0,20
38.5,167.97514700173025,486.59817330533645,104.55817655729187,-1.07,-1.14,5000,5000,5000,5000,8.29,-18.2,8.0,20
38.6,168.80401140643897,484.77801292816997,105.35817655729187,-1.08,-1.14,5000,5000,5000,5000,8.29,-18.2,8.0,20
38.7,169.6328758111477,482.9578525510035,106.15817655729187,-1.08,-1.14,5000,5000,5000,5000,8.29,-18.2,8.0,20
38.8,170.46174021585642,481.137692173837,106.95817655729186,-1.08,-1.14,5000,5000,5000,5000,8.29,-18.2,8.0,20
38.9,171.29060462056515,479.31753179667055,107.75817655729186,-1.09,-1.14,5000,5000,5000,5000,8.29,-18.2,8.0,20
39.0,172.11946902527387,477.4973714195041,108.55817655729186,-1.09,-1.14,5000,5000,5000,5000,8.29,-18.2,8.0,20
39.1,172.9483334299826,475.6772110423376,109.35817655729186,-1.1,-1.14,5000,5000,5000,5000,8.29,-18.2,8.0,20
39.2,173.77719783469132,473.85705066517113,110.15817655729185,-1.1,-1.14,5000,5000,5000,5000,8.29,-18.2,8.0,20
39.3,174.60606223940005,472.03689028800466,110.95817655729185,-1.1,-1.14,5000,5000,5000,5000,8.29,-18.2,8.0,20
39.4,175.43492664410877,470.2167299108382,111.75817655729185,-1.11,-1.14,5000,5000,5000,5000,8.29,-18.2,8.0,20
39.5,176.2637910488175,468.3965695336717,112.55817655729184,-1.11,-1.14,5000,5000,5000,5000,8.29,-18.2,8.0,20
39.6,177.09265545352622,466.57640915650524,113.35817655729184,-1.12,-1.14,5000,5000,5000,5000,8.29,-18.2,8.0,20
39.7,177.92151985823494,464.75624877933876,114.15817655729184,-1.12,-1.14,5000,5000,5000,5000,8.29,-18.2,8.0,20
39.8,178.75038426294367,462.9360884021723,114.95817655729184,-1.12,-1.14,5000,5000,5000,5000,8.29,-18.2,8.0,20
39.9,179.5792486676524,461.1159280250058,115.75817655729183,-1.13,-1.14,5000,5000,5000,5000,8.29,-18.2,8.0,20
40.0,180.40811307236112,459.29576764783934,116.55817655729183,-1.13,-1.14,5000,5000,5000,5000,8.29,-18.2,8.0,20
40.1,181.23697747706984,457.47560727067287,117.35817655729183,-1.14,-1.14,5000,5000,5000,5000,8.29,-18.2,8.0,20
40.2,182.06584188177857,455.6554468935064,118.15817655729182,-1.14,-1.14,5000,5000,5000,5000,8.29,-18.2,8.0,20
40.3,182.8947062864873,453.8352865163399,118.95817655729182,-1.15,-1.14,5000,5000,5000,5000,8.29,-18.2,8.0,20
40.4,183.72357069119602,452.01512613917345,119.75817655729182,-1.15,-1.14,5000,5000,5000,5000,8.29,-18.2,8.0,20
40.5,184.55243509590474,450.194965762007,120.55817655729182,-1.15,-1.14,5000,5000,5000,5000,8.29,-18.2,8.0,20
40.6,185.38129950061347,448.3748053848405,121.35817655729181,-1.16,-1.14,5000,5000,5000,5000,8.29,-18.2,8.0,20
40.7,186.2101639053222,446.554645007674,122.15817655729181,-1.16,-1.14,5000,5000,5000,5000,8.29,-18.2,8.0,20
40.8,187.03902831003091,444.73448463050755,122.95817655729181,-1.17,-1.14,5000,5000,5000,5000,8.29,-18.2,8.0,20
40.9,187.86789271473964,442.9143242533411,123.7581765572918,-1.17,-1.14,5000,5000,5000,5000,8.29,-18.2,8.0,20
41.0,188.69675711944836,441.0941638761746,124.5581765572918,-1.18,-1.14,5000,5000,5000,5000,8.29,-18.2,8.0,20
41.1,189.5256215241571,439.27400349900813,125.3581765572918,-1.18,-1.14,5000,5000,5000,5000,8.29,-18.2,8.0,20
41.2,190.3544859288658,437.45384312184166,126.1581765572918,-1.19,-1.14,5000,5000,5000,5000,8.29,-18.2,8.0,20
41.3,191.18335033357454,435.6336827446752,126.9581765572918,-1.19,-1.14,5000,5000,5000,5000,8.29,-18.2,8.0,20
41.4,192.01221473828326,433.8135223675087,127.75817655729179,-1.2,-1.14,5000,5000,5000,5000,8.29,-18.2,8.0,20
41.5,192.841079142992,431.99336199034224,128.5581765572918,-1.2,-1.14,5000,5000,5000,5000,8.29,-18.2,8.0,20
41.6,193.6699435477007,430.17320161317576,129.3581765572918,-1.21,-1.14,5000,5000,5000,5000,8.29,-18.2,8.0,20
41.7,194.49880795240944,428.3530412360093,130.15817655729182,-1.21,-1.14,5000,5000,5000,5000,8.29,-18.2,8.0,20
41.8,195.32767235711816,426.5328808588428,130.95817655729184,-1.22,-1.14,5000,5000,5000,5000,8.29,-18.2,8.0,20
41.9,196.15653676182689,424.71272048167634,131.75817655729185,-1.22,-1.14,5000,5000,5000,5000,8.29,-18.2,8.0,20
42.0,196.9854011665356,422.89256010450987,132.55817655729186,-1.23,-1.14,5000,5000,5000,5000,8.29,-18.2,8.0,20
42.1,197.81426557124433,421.0723997273434,133.35817655729187,-1.23,-1.14,5000,5000,5000,5000,8.29,-18.2,8.0,20
42.2,198.64312997595306,419.2522393501769,134.15817655729188,-1.24,-1.14,5000,5000,5000,5000,8.29,-18.2,8.0,20
42.3,199.47199438066178,417.43207897301045,134.9581765572919,-1.24,-1.14,5000,5000,5000,5000,8.29,-18.2,8.0,20
42.4,200.3008587853705,415.611918595844,135.7581765572919,-1.25,-1.14,5000,5000,5000,5000,8.29,-18.2,8.0,20
42.5,201.12972319007923,413.7917582186775,136.55817655729192,-1.25,-1.14,5000,5000,5000,5000,8.29,-18.2,8.0,20
42.6,201.95858759478796,411.971597841511,137.35817655729193,-1.26,-1.14,5000,5000,5000,5000,8.29,-18.2,8.0,20
42.7,202.78745199949668,410.15143746434455,138.15817655729194,-1.26,-1.14,5000,5000,5000,5000,8.29,-18.2,8.0,20
42.8,203.6163164042054,408.3312770871781,138.95817655729195,-1.27,-1.14,5000,5000,5000,5000,8.29,-18.2,8.0,20
42.9,204.44518080891413,406.5111167100116,139.75817655729196,-1.27,-1.14,5000,5000,5000,5000,8.29,-18.2,8.0,20
43.0,205.27404521362286,404.69095633284513,140.55817655729197,-1.28,-1.14,5000,5000,5000,5000,8.29,-18.2,8.0,20
43.1,206.10290961833158,402.87079595567866,141.35817655729198,-1.28,-1.14,5000,5000,5000,5000,8.29,-18.2,8.0,20
43.2,206.9317740230403,401.0506355785122,142.158176557292,-1.29,-1.14,5000,5000,5000,5000,8.29,-18.2,8.0,20
43.3,207.76063842774903,399.2304752013457,142.958176557292,-1.3,-1.14,5000,5000,5000,5000,8.29,-18.2,8.0,20
43.4,208.58950283245775,397.41031482417924,143.75817655729202,-1.3,-1.14,5000,5000,5000,5000,8.29,-18.2,8.0,20
43.5,209.41836723716648,395.59015444701276,144.55817655729203,-1.31,-1.14,5000,5000,5000,5000,8.29,-18.2,8.0,20
43.6,210.2472316418752,393.7699940698463,145.35817655729204,-1.31,-1.14,5000,5000,5000,5000,8.29,-18.2,8.0,20
43.7,211.07609604658393,391.9498336926798,146.15817655729205,-1.32,-1.14,5000,5000,5000,5000,8.29,-18.2,8.0,20
43.8,211.90496045129265,390.12967331551334,146.95817655729206,-1.32,-1.14,5000,5000,5000,5000,8.29,-18.2,8.0,20
43.9,212.73382485600138,388.30951293834687,147.75817655729207,-1.33,-1.14,5000,5000,5000,5000,8.29,-18.2,8.0,20
44.0,213.5626892607101,386.4893525611804,148.5581765572921,-1.34,-1.14,5000,5000,5000,5000,8.29,-18.2,8.0,20
44.1,214.39155366541883,384.6691921840139,149.3581765572921,-1.34,-1.14,5000,5000,5000,5000,8.29,-18.2,8.0,20
44.2,215.22041807012755,382.84903180684745,150.1581765572921,-1.35,-1.14,5000,5000,5000,5000,8.29,-18.2,8.0,20
44.3,216.04928247483628,381.028871429681,150.95817655729212,-1.36,-1.14,5000,5000,5000,5000,8.29,-18.2,8.0,20
44.4,216.878146879545,379.2087110525145,151.75817655729213,-1.36,-1.14,5000,5000,5000,5000,8.29,-18.2,8.0,20
44.5,217.7070112842537,377.38855067534803,152.55817655729214,-1.37,-1.14,5000,5000,5000,5000,8.29,-18.2,8.0,20
44.6,218.5358756889624,375.56839029818155,153.35817655729215,-1.37,-1.14,5000,5000,5000,5000,8.29,-18.2,8.0,20
44.7,219.3647400936711,373.7482299210151,154.15817655729217,-1.38,-1.14,5000,5000,5000,5000,8.29,-18.2,8.0,20
44.8,220.19360449837978,371.9280695438486,154.95817655729218,-1.39,-1.14,5000,5000,5000,5000,8.29,-18.2,8.0,20
44.9,221.02246890308848,370.10790916668213,155.7581765572922,-1.39,-1.14,5000,5000,5000,5000,8.29,-18.2,8.0,20
45.0,221.85133330779718,368.28774878951566,156.5581765572922,-1.4,-1.14,5000,5000,5000,5000,8.29,-18.2,8.0,20
45.1,222.6801977125059,366.4675884123492,157.3581765572922,-1.41,-1.14,5000,5000,5000,5000,8.29,-18.2,8.0,20
45.2,223.5090621172146,364.6474280351827,158.15817655729222,-1.41,-1.14,5000,5000,5000,5000,8.29,-18.2,8.0,20
45.3,224.3379265219233,362.82726765801624,158.95817655729223,-1.42,-1.14,5000,5000,5000,5000,8.29,-18.2,8.0,20
45.4,225.166790926632,361.00710728084977,159.75817655729224,-1.43,-1.14,5000,5000,5000,5000,8.29,-18.2,8.0,20
45.5,225.99565533134069,359.1869469036833,160.55817655729226,-1.43,-1.14,5000,5000,5000,5000,8.29,-18.2,8.0,20
45.6,226.82451973604938,357.3667865265168,161.35817655729227,-1.44,-1.14,5000,5000,5000,5000,8.29,-18.2,8.0,20
45.7,227.6533841407581,355.54662614935035,162.15817655729228,-1.45,-1.14,5000,5000,5000,5000,8.29,-18.2,8.0,20
45.8,228.4822485454668,353.7264657721839,162.9581765572923,-1.45,-1.14,5000,5000,5000,5000,8.29,-18.2,8.0,20
45.9,229.3111129501755,351.9063053950174,163.7581765572923,-1.46,-1.14,5000,5000,5000,5000,8.29,-18.2,8.0,20
46.0,230.1399773548842,350.0861450178509,164.5581765572923,-1.47,-1.14,5000,5000,5000,5000,8.29,-18.2,8.0,20
46.1,230.9688417595929,348.26598464068445,165.35817655729232,-1.48,-1.14,5000,5000,5000,5000,8.29,-18.2,8.0,20
46.2,231.79770616430162,346.445824263518,166.15817655729234,-1.48,-1.14,5000,5000,5000,5000,8.29,-18.2,8.0,20
46.3,232.6265705690103,344.6256638863515,166.95817655729235,-1.49,-1.14,5000,5000,5000,5000,8.29,-18.2,8.0,20
46.4,233.455434973719,342.80550350918503,167.75817655729236,-1.5,-1.14,5000,5000,5000,5000,8.29,-18.2,8.0,20
46.5,234.2842993784277,340.98534313201856,168.55817655729237,-1.51,-1.14,5000,5000,5000,5000,8.29,-18.2,8.0,20
46.6,235.1131637831364,339.1651827548521,169.35817655729238,-1.51,-1.14,5000,5000,5000,5000,8.29,-18.2,8.0,20
46.7,235.84335794076472,337.5616991623571,170.1581765572924,-1.52,-1.14,5000,5000,5000,5000,7.3,-16.03,8.0,20
46.8,236.47619287737592,336.1720133821948,170.9581765572924,-1.53,-1.14,5000,5000,5000,5000,6.33,-13.9,8.0,20
46.9,237.02464982243896,334.96761903938744,171.75817655729242,-1.53,-1.14,5000,5000,5000,5000,5.48,-12.04,8.0,20
47.0,237.49997917482693,333.9238106089544,172.55817655729243,-1.54,-1.14,5000,5000,5000,5000,4.75,-10.44,8.0,20
47.1,237.91193128022985,333.01917663591246,173.35817655729244,-1.54,-1.14,5000,5000,5000,5000,4.12,-9.05,8.0,20
47.2,238.2689564382457,332.2351605259428,174.15817655729245,-1.55,-1.14,5000,5000,5000,5000,3.57,-7.84,8.0,20
47.3,238.57837824185944,331.55567989730235,174.95817655729246,-1.55,-1.14,5000,5000,5000,5000,3.09,-6.79,8.0,20
47.4,238.84654380499134,330.966796685814,175.75817655729247,-1.55,-1.14,5000,5000,5000,5000,2.68,-5.89,8.0,20
47.5,239.07895395970567,330.45643123585745,176.55817655729248,-1.55,-1.14,5000,5000,5000,5000,2.32,-5.1,8.0,20
47.6,239.28037609379143,330.0141145125618,177.3581765572925,-1.56,-1.14,5000,5000,5000,5000,2.01,-4.42,8.0,20
47.7,239.45494194333241,329.63077335237216,178.1581765572925,-1.56,-1.14,5000,5000,5000,5000,1.75,-3.83,8.0,20
47.8,239.60623234626794,329.2985443468745,178.95817655729252,-1.56,-1.14,5000,5000,5000,5000,1.51,-3.32,8.0,20
47.9,239.7373506954787,329.01061254210987,179.75817655729253,-1.56,-1.14,5000,5000,5000,5000,1.31,-2.88,8.0,20
48.0,239.85098659812806,328.7610716446472,180.55817655729254,-1.56,-1.14,5000,5000,5000,5000,1.14,-2.5,8.0,20
48.1,239.9494710470908,328.5448028668462,181.35817655729255,-1.56,-1.14,5000,5000,5000,5000,0.98,-2.16,8.0,20
48.2,240.03482423619187,328.35736992608537,182.15817655729256,-1.56,-1.14,5000,5000,5000,5000,0.85,-1.87,8.0,20
48.3,240.10879700007945,328.19492804409265,182.95817655729257,-1.57,-1.14,5000,5000,5000,5000,0.74,-1.62,8.0,20
48.4,240.17290672878204,328.0541450796989,183.7581765572926,-1.57,-1.14,5000,5000,5000,5000,0.64,-1.41,8.0,20
48.5,240.2284684936576,327.9321331772244,184.5581765572926,-1.57,-1.14,5000,5000,5000,5000,0.56,-1.22,8.0,20
48.6,240.27662202321642,327.82638952841313,185.3581765572926,-1.57,-1.14,5000,5000,5000,5000,0.48,-1.06,8.0,20
48.7,240.31835508216741,327.7347450327767,186.15817655729262,-1.57,-1.14,5000,5000,5000,5000,0.42,-0.92,8.0,20
48.8,240.35452373325828,327.6553198032251,186.95817655729263,-1.57,-1.14,5000,5000,5000,5000,0.36,-0.79,8.0,20
48.9,240.38586989753702,327.5864846042804,187.75817655729264,-1.57,-1.14,5000,5000,5000,5000,0.31,-0.69,8.0,20
49.0,240.41303657324525,327.52682743186165,188.55817655729265,-1.57,-1.14,5000,5000,5000,5000,0.27,-0.6,8.0,20
49.1,240.43658102552573,327.4751245490987,189.35817655729267,-1.57,-1.14,5000,5000,5000,5000,0.24,-0.52,8.0,20
49.2,240.45698621750213,327.43031538403756,190.15817655729268,-1.57,-1.14,5000,5000,5000,5000,0.2,-0.45,8.0,20
49.3,240.47467071721502,327.39148077431787,190.9581765572927,-1.57,-1.14,5000,5000,5000,5000,0.18,-0.39,8.0,20
49.4,240.48999728363285,327.35782411256076,191.7581765572927,-1.57,-1.14,5000,5000,5000,5000,0.15,-0.34,8.0,20
49.5,240.50328030786164,327.3286550057046,192.5581765572927,-1.57,-1.14,5000,5000,5000,5000,0.13,-0.29,8.0,20
49.6,240.51479226219325,327.30337511309597,193.35817655729272,-1.57,-1.14,5000,5000,5000,5000,0.12,-0.25,8.0,20
49.7,240.52476928928067,327.28146587283516,194.15817655729273,-1.57,-1.14,5000,5000,5000,5000,0.1,-0.22,8.0,20
49.8,240.53341604608974,327.2624778646091,194.95817655729275,-1.57,-1.14,5000,5000,5000,5000,0.09,-0.19,8.0,20
49.9,240.54090990199094,327.2460215908132,195.75817655729276,-1.57,-1.14,5000,5000,5000,5000,0.07,-0.16,8.0,20
50.0,240.5474045771053,327.23175948685673,196.55817655729277,-1.57,-1.14,5000,5000,5000,5000,0.06,-0.14,8.0,20
50.1,240.55303329553777,327.21939899676113,197.35817655729278,-1.57,-1.14,5000,5000,5000,5000,0.06,-0.12,8.0,20
50.2,240.55791151817925,327.20868657201163,198.1581765572928,-1.57,-1.14,5000,5000,5000,5000,0.05,-0.11,8.0,20
50.3,240.56213931113518,327.19940247056206,198.9581765572928,-1.57,-1.14,5000,5000,5000,5000,0.04,-0.09,8.0,20
50.4,240.56580339836367,327.1913562493058,199.7581765572928,-1.57,-1.14,5000,5000,5000,5000,0.04,-0.08,8.0,20
50.5,240.56897894062834,327.1843828575503,200.55817655729282,-1.57,-1.14,5000,5000,5000,5000,0.03,-0.07,8.0,20
50.6,240.57173107725774,327.1783392513622,201.35817655729284,-1.57,-1.14,5000,5000,5000,5000,0.03,-0.06,8.0,20
50.7,240.57411626233653,327.17310145933254,202.15817655729285,-1.57,-1.14,5000,5000,5000,5000,0.02,-0.05,8.0,20
50.8,240.57618342273815,327.1685620395735,202.95817655729286,-1.57,-1.14,5000,5000,5000,5000,0.02,-0.05,8.0,20
50.9,240.57797496175291,327.16462787578234,203.75817655729287,-1.57,-1.14,5000,5000,5000,5000,0.02,-0.04,8.0,20
51.0,240.57952762889903,327.16121826716335,204.55817655729288,-1.57,-1.14,5000,5000,5000,5000,0.02,-0.03,8.0,20
51.1,240.580873273759,327.1582632730269,205.3581765572929,-1.57,-1.14,5000,5000,5000,5000,0.01,-0.03,8.0,20
51.2,240.5820394993043,327.1557022781086,206.1581765572929,-1.57,-1.14,5000,5000,5000,5000,0.01,-0.03,8.0,20
51.3,240.58305022811024,327.15348274917943,206.95817655729292,-1.57,-1.14,5000,5000,5000,5000,0.01,-0.02,8.0,20
51.4,240.58392619307537,327.15155915744083,207.75817655729293,-1.57,-1.14,5000,5000,5000,5000,0.01,-0.02,8.0,20
51.5,240.58468536271184,327.1498920446007,208.55817655729294,-1.57,-1.14,5000,5000,5000,5000,0.01,-0.02,8.0,20
51.6,240.5853433097301,327.14844721347254,209.35817655729295,-1.57,-1.14,5000,5000,5000,5000,0.01,-0.01,8.0,20
51.7,240.58591353047925,327.14719502649484,210.15817655729296,-1.57,-1.14,5000,5000,5000,5000,0.01,-0.01,8.0,20
51.8,240.58640772179518,327.1461097977808,210.95817655729297,-1.57,-1.14,5000,5000,5000,5000,0.0,-0.01,8.0,20
51.9,240.58683602093566,327.14516926622866,211.75817655729298,-1.57,-1.14,5000,5000,5000,5000,0.0,-0.01,8.0,20
52.0,240.58720721352407,327.1443541388835,212.558176557293,-1.57,-1.14,5000,5000,5000,5000,0.0,-0.01,8.0,20
52.1,240.58752891376736,327.1436476951843,213.358176557293,-1.57,-1.14,5000,5000,5000,5000,0.0,-0.01,8.0,20
52.2,240.5878077206449,327.14303544397836,214.15817655729302,-1.57,-1.14,5000,5000,5000,5000,0.0,-0.01,8.0,20
52.3,240.58804935327208,327.14250482626653,214.95817655729303,-1.57,-1.14,5000,5000,5000,5000,0.0,-0.01,8.0,20
52.4,240.58825876821564,327.142044957583,215.75817655729304,-1.57,-1.14,5000,5000,5000,5000,0.0,-0.0,8.0,20
52.5,240.58844026116674,327.1416464047239,216.55817655729305,-1.57,-1.14,5000,5000,5000,5000,0.0,-0.0,8.0,20
52.6,240.58859755505767,327.141300992246,217.35817655729306,-1.57,-1.14,5000,5000,5000,5000,0.0,-0.0,8.0,20
52.7,240.5887338764298,327.14100163476513,218.15817655729307,-1.57,-1.14,5000,5000,5000,5000,0.0,-0.0,8.0,20
52.8,240.588852021619,327.14074219161506,218.9581765572931,-1.57,-1.14,5000,5000,5000,5000,0.0,-0.0,8.0,20
52.9,240.5889544141163,327.140517340885,219.7581765572931,-1.57,-1.14,5000,5000,5000,5000,0.0,-0.0,8.0,20
53.0,240.58904315428063,327.14032247025233,220.5581765572931,-1.57,-1.14,5000,5000,5000,5000,0.0,-0.0,8.0,20
53.1,240.58912006242306,327.14015358237066,221.35817655729312,-1.57,-1.14,5000,5000,5000,5000,0.0,-0.0,8.0,20
53.2,240.5891867161465,327.14000721287323,222.15817655729313,-1.57,-1.14,5000,5000,5000,5000,0.0,-0.0,8.0,20
53.3,240.5892444827068,327.1398803593088,222.95817655729314,-1.57,-1.14,5000,5000,5000,5000,0.0,-0.0,8.0,20
53.4,240.58929454705907,327.1397704195529,223.75817655729315,-1.57,-1.14,5000,5000,5000,5000,0.0,-0.0,8.0,20
53.5,240.58933793616436,327.1396751384312,224.55817655729317,-1.57,-1.14,5000,5000,5000,5000,0.0,-0.0,8.0,20
53.6,240.5893755400556,327.139592561459,225.35817655729318,-1.57,-1.14,5000,5000,5000,5000,0.0,-0.0,8.0,20
53.7,240.5894081300947,327.1395209947498,226.1581765572932,-1.57,-1.14,5000,5000,5000,5000,0.0,-0.0,8.0,20
53.8,240.58943637479524,327.13945897026844,226.9581765572932,-1.57,-1.14,5000,5000,5000,5000,0.0,-0.0,8.0,20
53.9,240.5894608535357,327.13940521571794,227.7581765572932,-1.57,-1.14,5000,5000,5000,5000,0.0,-0.0,8.0,20
54.0,240.5894820684441,327.13935862844085,228.55817655729322,-1.57,-1.14,5000,5000,5000,5000,0.0,-0.0,8.0,20
54.1,240.58950045469808,327.1393182528007,229.35817655729323,-1.57,-1.14,5000,5000,5000,5000,0.0,-0.0,8.0,20
54.2,240.58951638945152,327.13928326057925,230.15817655729325,-1.57,-1.14,5000,5000,5000,5000,0.0,-0.0,8.0,20
54.3,240.58953019957116,327.13925293398734,230.95817655729326,-1.57,-1.14,5000,5000,5000,5000,0.0,-0.0,8.0,20
54.4,240.5895421683415,327.139226650941,231.75817655729327,-1.57,-1.14,5000,5000,5000,5000,0.0,-0.0,8.0,20
54.5,240.5895525412758,327.1392038723008,232.55817655729328,-1.57,-1.14,5000,5000,5000,5000,0.0,-0.0,8.0,20
54.6,240.58956153115219,327.1391841308127,233.3581765572933,-1.57,-1.14,5000,5000,5000,5000,0.0,-0.0,8.0,20
54.7,240.5895693223784,327.13916702152295,234.1581765572933,-1.57,-1.14,5000,5000,5000,5000,0.0,-0.0,8.0,20
54.8,240.58957607477444,327.1391521934719,234.9581765572933,-1.57,-1.14,5000,5000,5000,5000,0.0,-0.0,8.0,20
54.9,240.58958192685103,327.1391393424943,235.75817655729333,-1.57,-1.14,5000,5000,5000,5000,0.0,-0.0,8.0,20
55.0,240.58958699865073,327.13912820498035,236.55817655729334,-1.57,-1.14,5000,5000,5000,5000,0.0,-0.0,8.0,20
55.1,240.58959139421046,327.1391185524683,237.35817655729335,-1.57,-1.14,5000,5000,5000,5000,0.0,-0.0,8.0,20
55.2,240.58959520369558,327.1391101869578,238.15817655729336,-1.57,-1.14,5000,5000,5000,5000,0.0,-0.0,8.0,20
55.3,240.58959850524934,327.1391029368487,238.95817655729337,-1.57,-1.14,5000,5000,5000,5000,0.0,-0.0,8.0,20
55.4,240.58960136659593,327.13909665342084,239.75817655729338,-1.57,-1.14,5000,5000,5000,5000,0.0,-0.0,8.0,20
55.5,240.58960384642964,327.13909120778334,240.5581765572934,-1.57,-1.14,5000,5000,5000,5000,0.0,-0.0,8.0,20
55.6,240.58960599561885,327.1390864882309,241.3581765572934,-1.57,-1.14,5000,5000,5000,5000,0.0,-0.0,8.0,20
55.7,240.5896078582495,327.13908239795205,242.15817655729342,-1.57,-1.14,5000,5000,5000,5000,0.0,-0.0,8.0,20
55.8,240.58960947252942,327.13907885304377,242.95817655729343,-1.57,-1.14,5000,5000,5000,5000,0.0,-0.0,8.0,20
55.9,240.589610871572,327.1390757807899,243.75817655729344,-1.57,-1.14,5000,5000,5000,5000,0.0,-0.0,8.0,20
56.0,240.58961208407558,327.13907311816985,244.55817655729345,-1.57,-1.14,5000,5000,5000,5000,0.0,-0.0,8.0,20
56.1,240.589613134912,327.13907081056584,245.35817655729346,-1.57,-1.14,5000,5000,5000,5000,0.0,-0.0,8.0,20
56.2,240.58961404563692,327.13906881064236,246.15817655729347,-1.57,-1.14,5000,5000,5000,5000,0.0,-0.0,8.0,20
56.3,240.58961483493184,327.13906707737533,246.95817655729348,-1.57,-1.14,5000,5000,5000,5000,0.0,-0.0,8.0,20
56.4,240.58961551898744,327.13906557521057,247.7581765572935,-1.57,-1.14,5000,5000,5000,5000,0.0,-0.0,8.0,20
56.5,240.58961611183562,327.13906427333444,248.5581765572935,-1.57,-1.14,5000,5000,5000,5000,0.0,-0.0,8.0,20
56.6,240.58961662563738,327.1390631450418,249.35817655729352,-1.57,-1.14,5000,5000,5000,5000,0.0,-0.0,8.0,20
56.7,240.58961707093223,327.1390621671882,250.15817655729353,-1.57,-1.14,5000,5000,5000,5000,0.0,-0.0,8.0,20
56.8,240.58961745685446,327.13906131971504,250.95817655729354,-1.57,-1.14,5000,5000,5000,5000,0.0,-0.0,8.0,20
56.9,240.58961779132036,327.1390605852383,251.75817655729355,-1.57,-1.14,5000,5000,5000,5000,0.0,-0.0,8.0,20
57.0,240.58961808119082,327.13905994869185,252.55817655729356,-1.57,-1.14,5000,5000,5000,5000,0.0,-0.0,8.0,20
57.1,240.58961833241187,327.13905939701823,253.35817655729358,-1.57,-1.14,5000,5000,5000,5000,0.0,-0.0,8.0,20
57.2,240.5896185501368,327.1390589189011,254.1581765572936,-1.57,-1.14,5000,5000,5000,5000,0.0,-0.0,8.0,20
57.3,240.58961873883175,327.13905850453295,254.9581765572936,-1.57,-1.14,5000,5000,5000,5000,0.0,-0.0,8.0,20
57.4,240.58961890236736,327.13905814541386,255.7581765572936,-1.57,-1.14,5000,5000,5000,5000,0.0,-0.0,8.0,20
57.5,240.5896190440982,327.1390578341773,256.5581765572936,-1.57,-1.14,5000,5000,5000,5000,0.0,-0.0,8.0,20
57.6,240.5896191669316,327.139057564439,257.35817655729363,-1.57,-1.14,5000,5000,5000,5000,0.0,-0.0,8.0,20
57.7,240.58961927338723,327.13905733066576,258.15817655729364,-1.57,-1.14,5000,5000,5000,5000,0.0,-0.0,8.0,20
57.8,240.58961936564876,327.1390571280623,258.95817655729365,-1.57,-1.14,5000,5000,5000,5000,0.0,-0.0,8.0,20
57.9,240.58961944560878,327.13905695247263,259.75817655729367,-1.57,-1.14,5000,5000,5000,5000,0.0,-0.0,8.0,20
58.0,240.58961951490744,327.1390568002949,260.5581765572937,-1.57,-1.14,5000,5000,5000,5000,0.0,-0.0,8.0,20
58.1,240.5896195749663,327.13905666840753,261.3581765572937,-1.57,-1.14,5000,5000,5000,5000,0.0,-0.0,8.0,20
58.2,240.5896196270173,327.13905655410514,262.1581765572937,-1.57,-1.14,5000,5000,5000,5000,0.0,-0.0,8.0,20
58.3,240.58961967212815,327.1390564550431,262.9581765572937,-1.57,-1.14,5000,5000,5000,5000,0.0,-0.0,8.0,20
58.4,240.58961971122423,327.1390563691893,263.7581765572937,-1.57,-1.14,5000,5000,5000,5000,0.0,-0.0,8.0,20
58.5,240.5896197451075,327.1390562947827,264.55817655729373,-1.57,-1.14,5000,5000,5000,5000,0.0,-0.0,8.0,20
58.6,240.58961977447302,327.13905623029694,265.35817655729375,-1.57,-1.14,5000,5000,5000,5000,0.0,-0.0,8.0,20
58.7,240.58961979992313,327.13905617440935,266.15817655729376,-1.57,-1.14,5000,5000,5000,5000,0.0,-0.0,8.0,20
58.8,240.58961982197988,327.1390561259734,266.95817655729377,-1.57,-1.14,5000,5000,5000,5000,0.0,-0.0,8.0,20
58.9,240.58961984109573,327.13905608399557,267.7581765572938,-1.57,-1.14,5000,5000,5000,5000,0.0,-0.0,8.0,20
59.0,240.5896198576628,327.1390560476148,268.5581765572938,-1.57,-1.14,5000,5000,5000,5000,0.0,-0.0,8.0,20
59.1,240.58961987202093,327.1390560160848,269.3581765572938,-1.57,-1.14,5000,5000,5000,5000,0.0,-0.0,8.0,20
59.2,240.58961988446464,327.1390559887588,270.1581765572938,-1.57,-1.14,5000,5000,5000,5000,0.0,-0.0,8.0,20
59.3,240.5896198952492,327.13905596507624,270.9581765572938,-1.57,-1.14,5000,5000,5000,5000,0.0,-0.0,8.0,20
59.4,240.58961990459582,327.1390559445514,271.75817655729384,-1.57,-1.14,5000,5000,5000,5000,0.0,-0.0,8.0,20
59.5,240.5896199126962,327.13905592676315,272.55817655729385,-1.57,-1.14,5000,5000,5000,5000,0.0,-0.0,8.0,20
59.6,240.58961991971654,327.1390559113467,273.35817655729386,-1.57,-1.14,5000,5000,5000,5000,0.0,-0.0,8.0,20
59.7,240.58961992580083,327.13905589798577,274.15817655729387,-1.57,-1.14,5000,5000,5000,5000,0.0,-0.0,8.0,20
59.8,240.58961993107388,327.1390558864063,274.9581765572939,-1.57,-1.14,5000,5000,5000,5000,0.0,-0.0,8.0,20
59.9,240.58961993564387,327.1390558763708,275.7581765572939,-1.57,-1.14,5000,5000,5000,5000,0.0,-0.0,8.0,20
60.0,240.58961993960452,327.13905586767333,276.5581765572939,-1.57,-1.14,5000,5000,5000,5000,0.0,-0.0,8.0,20
60.1,240.5896199430371,327.1390558601355,277.3581765572939,-1.57,-1.14,5000,5000,5000,5000,0.0,-0.0,8.0,20
60.2,240.589619946012,327.1390558536027,278.1581765572939,-1.57,-1.14,5000,5000,5000,5000,0.0,-0.0,8.0,20
60.3,240.58961994859024,327.139055847941,278.95817655729394,-1.57,-1.14,5000,5000,5000,5000,0.0,-0.0,8.0,20
60.4,240.58961995082473,327.13905584303416,279.75817655729395,-1.57,-1.14,5000,5000,5000,5000,0.0,-0.0,8.0,20
60.5,240.58961995276127,327.1390558387816,280.55817655729396,-1.57,-1.14,5000,5000,5000,5000,0.0,-0.0,8.0,20
60.6,240.5896199544396,327.13905583509603,281.358176557294,-1.57,-1.14,5000,5000,5000,5000,0.0,-0.0,8.0,20
60.7,240.58961995589416,327.1390558319019,282.158176557294,-1.57,-1.14,5000,5000,5000,5000,0.0,-0.0,8.0,20
60.8,240.58961995715478,327.1390558291336,282.958176557294,-1.57,-1.14,5000,5000,5000,5000,0.0,-0.0,8.0,20
60.9,240.5896199582473,327.1390558267344,283.758176557294,-1.57,-1.14,5000,5000,5000,5000,0.0,-0.0,8.0,20
61.0,240.58961995919418,327.13905582465514,284.558176557294,-1.57,-1.14,5000,5000,5000,5000,0.0,-0.0,8.0,20
61.1,240.5896199600148,327.1390558228531,285.35817655729403,-1.57,-1.14,5000,5000,5000,5000,0.0,-0.0,8.0,20
61.2,240.589619960726,327.1390558212913,286.15817655729404,-1.57,-1.14,5000,5000,5000,5000,0.0,-0.0,8.0,20
61.3,240.58961996134238,327.13905581993777,286.95817655729405,-1.57,-1.14,5000,5000,5000,5000,0.0,-0.0,8.0,20
61.4,240.58961996187656,327.1390558187647,287.75817655729406,-1.57,-1.14,5000,5000,5000,5000,0.0,-0.0,8.0,20
61.5,240.58961996233953,327.13905581774804,288.5581765572941,-1.57,-1.14,5000,5000,5000,5000,0.0,-0.0,8.0,20
61.6,240.58961996274076,327.1390558168669,289.3581765572941,-1.57,-1.14,5000,5000,5000,5000,0.0,-0.0,8.0,20
61.7,240.5896199630885,327.1390558161033,290.1581765572941,-1.57,-1.14,5000,5000,5000,5000,0.0,-0.0,8.0,20
61.8,240.58961996338988,327.13905581544145,290.9581765572941,-1.57,-1.14,5000,5000,5000,5000,0.0,-0.0,8.0,20
61.9,240.58961996365107,327.1390558148679,291.7581765572941,-1.57,-1.14,5000,5000,5000,5000,0.0,-0.0,8.0,20
62.0,240.58961996387742,327.1390558143708,292.55817655729413,-1.57,-1.14,5000,5000,5000,5000,0.0,-0.0,8.0,20
62.1,240.58961996407362,327.13905581394,293.35817655729414,-1.57,-1.14,5000,5000,5000,5000,0.0,-0.0,8.0,20
62.2,240.58961996424364,327.13905581356664,294.15817655729415,-1.57,-1.14,5000,5000,5000,5000,0.0,-0.0,8.0,20
62.3,240.589619964391,327.13905581324303,294.95817655729417,-1.57,-1.14,5000,5000,5000,5000,0.0,-0.0,8.0,20
62.4,240.5896199645187,327.1390558129626,295.7581765572942,-1.57,-1.14,5000,5000,5000,5000,0.0,-0.0,8.0,20
62.5,240.58961996462938,327.13905581271956,296.5581765572942,-1.57,-1.14,5000,5000,5000,5000,0.0,-0.0,8.0,20
62.6,240.5896199647253,327.1390558125089,297.3581765572942,-1.57,-1.14,5000,5000,5000,5000,0.0,-0.0,8.0,20
62.7,240.58961996480843,327.1390558123264,298.1581765572942,-1.57,-1.14,5000,5000,5000,5000,0.0,-0.0,8.0,20
62.8,240.58961996488048,327.1390558121682,298.9581765572942,-1.57,-1.14,5000,5000,5000,5000,0.0,-0.0,8.0,20
62.9,240.58961996494293,327.1390558120311,299.75817655729423,-1.57,-1.14,5000,5000,5000,5000,0.0,-0.0,8.0,20
63.0,240.58961996499704,327.1390558119122,300.55817655729425,-1.57,-1.14,5000,5000,5000,5000,0.0,-0.0,8.0,20
63.1,240.58961996504394,327.1390558118092,301.35817655729426,-1.57,-1.14,5000,5000,5000,5000,0.0,-0.0,8.0,20
63.2,240.58961996508458,327.13905581171997,302.15817655729427,-1.57,-1.14,5000,5000,5000,5000,0.0,-0.0,8.0,20
63.3,240.5896199651198,327.1390558116426,302.9581765572943,-1.57,-1.14,5000,5000,5000,5000,0.0,-0.0,8.0,20
63.4,240.58961996515032,327.1390558115756,303.7581765572943,-1.57,-1.14,5000,5000,5000,5000,0.0,-0.0,8.0,20
63.5,240.58961996517678,327.1390558115175,304.5581765572943,-1.57,-1.14,5000,5000,5000,5000,0.0,-0.0,8.0,20
63.6,240.58961996519972,327.13905581146713,305.3581765572943,-1.57,-1.14,5000,5000,5000,5000,0.0,-0.0,8.0,20
63.7,240.58961996521958,327.1390558114235,306.1581765572943,-1.57,-1.14,5000,5000,5000,5000,0.0,-0.0,8.0,20
63.8,240.5896199652368,327.1390558113857,306.95817655729434,-1.57,-1.14,5000,5000,5000,5000,0.0,-0.0,8.0,20
63.9,240.58961996525173,327.1390558113529,307.75817655729435,-1.57,-1.14,5000,5000,5000,5000,0.0,-0.0,8.0,20
64.0,240.58961996526466,327.13905581132445,308.55817655729436,-1.57,-1.14,5000,5000,5000,5000,0.0,-0.0,8.0,20
64.1,240.5896199652759,327.13905581129984,309.35817655729437,-1.57,-1.14,5000,5000,5000,5000,0.0,-0.0,8.0,20
64.2,240.5896199652856,327.1390558112785,310.1581765572944,-1.57,-1.14,5000,5000,5000,5000,0.0,-0.0,8.0,20
64.3,240.58961996529402,327.13905581126005,310.9581765572944,-1.57,-1.14,5000,5000,5000,5000,0.0,-0.0,8.0,20
64.4,240.58961996530132,327.139055811244,311.7581765572944,-1.57,-1.14,5000,5000,5000,5000,0.0,-0.0,8.0,20
64.5,240.58961996530766,327.1390558112301,312.5581765572944,-1.57,-1.14,5000,5000,5000,5000,0.0,-0.0,8.0,20
64.6,240.58961996531315,327.13905581121804,313.3581765572944,-1.57,-1.14,5000,5000,5000,5000,0.0,-0.0,8.0,20
64.7,240.5896199653179,327.1390558112076,314.15817655729444,-1.57,-1.14,5000,5000,5000,5000,0.0,-0.0,8.0,20
64.8,240.58961996532202,327.13905581119855,314.95817655729445,-1.57,-1.14,5000,5000,5000,5000,0.0,-0.0,8.0,20
64.9,240.5896199653256,327.1390558111907,315.75817655729446,-1.57,-1.14,5000,5000,5000,5000,0.0,-0.0,8.0,20
65.0,240.5896199653287,327.13905581118394,316.5581765572945,-1.57,-1.14,5000,5000,5000,5000,0.0,-0.0,8.0,20
65.1,240.58961996533137,327.139055811178,317.3581765572945,-1.57,-1.14,5000,5000,5000,5000,0.0,-0.0,8.0,20
65.2,240.5896199653337,327.1390558111729,318.1581765572945,-1.57,-1.14,5000,5000,5000,5000,0.0,-0.0,8.0,20
65.3,240.58961996533571,327.1390558111685,318.9581765572945,-1.57,-1.14,5000,5000,5000,5000,0.0,-0.0,8.0,20
65.4,240.58961996533745,327.13905581116467,319.7581765572945,-1.57,-1.14,5000,5000,5000,5000,0.0,-0.0,8.0,20
65.5,240.58961996533895,327.13905581116137,320.55817655729453,-1.57,-1.14,5000,5000,5000,5000,0.0,-0.0,8.0,20
65.6,240.58961996534026,327.13905581115847,321.35817655729454,-1.57,-1.14,5000,5000,5000,5000,0.0,-0.0,8.0,20
65.7,240.5896199653414,327.13905581115597,322.15817655729455,-1.57,-1.14,5000,5000,5000,5000,0.0,-0.0,8.0,20
65.8,240.5896199653424,327.1390558111538,322.95817655729456,-1.57,-1.14,5000,5000,5000,5000,0.0,-0.0,8.0,20
65.9,240.58961996534325,327.13905581115193,323.7581765572946,-1.57,-1.14,5000,5000,5000,5000,0.0,-0.0,8.0,20
66.0,240.58961996534399,327.1390558111503,324.5581765572946,-1.57,-1.14,5000,5000,5000,5000,0.0,-0.0,8.0,20
66.1,240.58961996534464,327.13905581114886,325.3581765572946,-1.57,-1.14,5000,5000,5000,5000,0.0,-0.0,8.0,20
66.2,240.58961996534518,327.13905581114767,326.1581765572946,-1.57,-1.14,5000,5000,5000,5000,0.0,-0.0,8.0,20
66.3,240.58961996534566,327.1390558111466,326.9581765572946,-1.57,-1.14,5000,5000,5000,5000,0.0,-0.0,8.0,20
66.4,240.5896199653461,327.1390558111457,327.75817655729463,-1.57,-1.14,5000,5000,5000,5000,0.0,-0.0,8.0,20
66.5,240.58961996534646,327.1390558111449,328.55817655729464,-1.57,-1.14,5000,5000,5000,5000,0.0,-0.0,8.0,20
66.6,240.58961996534677,327.1390558111442,329.35817655729466,-1.57,-1.14,5000,5000,5000,5000,0.0,-0.0,8.0,20
66.7,240.58961996534703,327.13905581114363,330.15817655729467,-1.57,-1.14,5000,5000,5000,5000,0.0,-0.0,8.0,20
66.8,240.58961996534725,327.1390558111431,330.9581765572947,-1.57,-1.14,5000,5000,5000,5000,0.0,-0.0,8.0,20
66.9,240.58961996534745,327.13905581114267,331.7581765572947,-1.57,-1.14,5000,5000,5000,5000,0.0,-0.0,8.0,20
67.0,240.58961996534762,327.13905581114227,332.5581765572947,-1.57,-1.14,5000,5000,5000,5000,0.0,-0.0,8.0,20
67.1,240.58961996534777,327.13905581114193,333.3581765572947,-1.57,-1.13,5000,5000,5000,5000,0.0,-0.0,8.0,20
67.2,240.5896199653479,327.13905581114165,334.1581765572947,-1.57,-1.13,5000,5000,5000,5000,0.0,-0.0,8.0,20
67.3,240.58961996534802,327.1390558111414,334.95817655729473,-1.57,-1.13,5000,5000,5000,5000,0.0,-0.0,8.0,20
67.4,240.58961996534813,327.1390558111412,335.75817655729475,-1.57,-1.14,5000,5000,5000,5000,0.0,-0.0,8.0,20
67.5,240.58961996534822,327.139055811141,336.55817655729476,-1.57,-1.14,5000,5000,5000,5000,0.0,-0.0,8.0,20
67.6,240.5896199653483,327.13905581114085,337.35817655729477,-1.57,-1.14,5000,5000,5000,5000,0.0,-0.0,8.0,20
67.7,240.58961996534836,327.1390558111407,338.1581765572948,-1.57,-1.15,5000,5000,5000,5000,0.0,-0.0,8.0,20
67.8,240.58961996534842,327.13905581114057,338.9581765572948,-1.57,-1.13,5000,5000,5000,5000,0.0,-0.0,8.0,20
67.9,240.58961996534848,327.13905581114045,339.7581765572948,-1.57,-1.14,5000,5000,5000,5000,0.0,-0.0,8.0,20
68.0,240.5896199653485,327.13905581114034,340.5581765572948,-1.57,-1.14,5000,5000,5000,5000,0.0,-0.0,8.0,20
68.1,240.58961996534853,327.1390558111403,341.3581765572948,-1.57,-1.11,5000,5000,5000,5000,0.0,-0.0,8.0,20
68.2,240.58961996534856,327.1390558111402,342.15817655729484,-1.57,-1.11,5000,5000,5000,5000,0.0,-0.0,8.0,20
68.3,240.5896199653486,327.13905581114017,342.95817655729485,-1.57,-1.11,5000,5000,5000,5000,0.0,-0.0,8.0,20
68.4,240.58961996534862,327.1390558111401,343.75817655729486,-1.57,-1.11,5000,5000,5000,5000,0.0,-0.0,8.0,20
68.5,240.58961996534865,327.13905581114005,344.55817655729487,-1.57,-1.11,5000,5000,5000,5000,0.0,-0.0,8.0,20
68.6,240.58961996534867,327.13905581114,345.3581765572949,-1.57,-1.11,5000,5000,5000,5000,0.0,-0.0,8.0,20
68.7,240.5896199653487,327.13905581113994,346.1581765572949,-1.57,-1.11,5000,5000,5000,5000,0.0,-0.0,8.0,20
68.8,240.5896199653487,327.13905581113994,346.9581765572949,-1.57,-1.11,5000,5000,5000,5000,0.0,-0.0,8.0,20
68.9,240.5896199653487,327.13905581113994,347.7581765572949,-1.57,-1.11,5000,5000,5000,5000,0.0,-0.0,8.0,20
69.0,240.5896199653487,327.13905581113994,348.5581765572949,-1.57,-1.11,5000,5000,5000,5000,0.0,-0.0,8.0,20
69.1,240.5896199653487,327.13905581113994,349.35817655729494,-1.57,-1.11,5000,5000,5000,5000,0.0,-0.0,8.0,20
69.2,240.5896199653487,327.13905581113994,350.15817655729495,-1.57,-1.11,5000,5000,5000,5000,0.0,-0.0,8.0,20
69.3,240.5896199653487,327.13905581113994,350.95817655729496,-1.57,-1.11,5000,5000,5000,5000,0.0,-0.0,8.0,20
69.4,240.5896199653487,327.13905581113994,351.758176557295,-1.57,-1.11,5000,5000,5000,5000,0.0,-0.0,8.0,20
69.5,240.5896199653487,327.13905581113994,352.558176557295,-1.57,-1.11,5000,5000,5000,5000,0.0,-0.0,8.0,20
69.6,240.5896199653487,327.13905581113994,353.358176557295,-1.57,-1.11,5000,5000,5000,5000,0.0,-0.0,8.0,20
69.7,240.5896199653487,327.13905581113994,354.158176557295,-1.57,-1.11,5000,5000,5000,5000,0.0,-0.0,8.0,20
69.8,240.5896199653487,327.13905581113994,354.958176557295,-1.57,-1.11,5000,5000,5000,5000,0.0,-0.0,8.0,20
69.9,240.5896199653487,327.13905581113994,355.75817655729503,-1.57,-1.11,5000,5000,5000,5000,0.0,-0.0,8.0,20
70.0,240.5896199653487,327.13905581113994,356.55817655729504,-1.57,-1.11,5000,5000,5000,5000,0.0,-0.0,8.0,20
70.1,240.5896199653487,327.13905581113994,357.35817655729505,-1.57,-1.11,5000,5000,5000,5000,0.0,-0.0,8.0,20
70.2,240.5896199653487,327.13905581113994,358.15817655729506,-1.57,-1.11,5000,5000,5000,5000,0.0,-0.0,8.0,20
70.3,240.5896199653487,327.13905581113994,358.9581765572951,-1.57,-1.11,5000,5000,5000,5000,0.0,-0.0,8.0,20
70.4,240.5896199653487,327.13905581113994,359.7581765572951,-1.57,-1.11,5000,5000,5000,5000,0.0,-0.0,8.0,20
70.5,240.5896199653487,327.13905581113994,360.5581765572951,-1.57,-1.11,5000,5000,5000,5000,0.0,-0.0,8.0,20
70.6,240.5896199653487,327.13905581113994,361.3581765572951,-1.57,-1.11,5000,5000,5000,5000,0.0,-0.0,8.0,20
70.7,240.5896199653487,327.13905581113994,362.1581765572951,-1.57,-1.11,5000,5000,5000,5000,0.0,-0.0,8.0,20
70.8,240.5896199653487,327.13905581113994,362.95817655729513,-1.57,-1.11,5000,5000,5000,5000,0.0,-0.0,8.0,20
70.9,240.5896199653487,327.13905581113994,363.75817655729514,-1.57,-1.11,5000,5000,5000,5000,0.0,-0.0,8.0,20
71.0,240.5896199653487,327.13905581113994,364.55817655729516,-1.57,-1.11,5000,5000,5000,5000,0.0,-0.0,8.0,20
71.1,240.5896199653487,327.13905581113994,365.35817655729517,-1.57,-1.11,5000,5000,5000,5000,0.0,-0.0,8.0,20
71.2,240.5896199653487,327.13905581113994,366.1581765572952,-1.57,-1.11,5000,5000,5000,5000,0.0,-0.0,8.0,20
71.3,240.5896199653487,327.13905581113994,366.9581765572952,-1.57,-1.11,5000,5000,5000,5000,0.0,-0.0,8.0,20
71.4,240.5896199653487,327.13905581113994,367.7581765572952,-1.57,-1.11,5000,5000,5000,5000,0.0,-0.0,8.0,20
71.5,240.5896199653487,327.13905581113994,368.5581765572952,-1.57,-1.11,5000,5000,5000,5000,0.0,-0.0,8.0,20
71.6,240.5896199653487,327.13905581113994,369.3581765572952,-1.57,-1.11,5000,5000,5000,5000,0.0,-0.0,8.0,20
71.7,240.5896199653487,327.13905581113994,370.15817655729523,-1.57,-1.11,5000,5000,5000,5000,0.0,-0.0,8.0,20
71.8,240.5896199653487,327.13905581113994,370.95817655729525,-1.57,-1.11,5000,5000,5000,5000,0.0,-0.0,8.0,20
71.9,240.5896199653487,327.13905581113994,371.75817655729526,-1.57,-1.11,5000,5000,5000,5000,0.0,-0.0,8.0,20
72.0,240.5896199653487,327.13905581113994,372.55817655729527,-1.57,-1.11,5000,5000,5000,5000,0.0,-0.0,8.0,20
72.1,240.5896199653487,327.13905581113994,373.3581765572953,-1.57,-1.11,5000,5000,5000,5000,0.0,-0.0,8.0,20
72.2,240.5896199653487,327.13905581113994,374.1581765572953,-1.57,-1.11,5000,5000,5000,5000,0.0,-0.0,8.0,20
72.3,240.5896199653487,327.13905581113994,374.9581765572953,-1.57,-1.11,5000,5000,5000,5000,0.0,-0.0,8.0,20
72.4,240.5896199653487,327.13905581113994,375.7581765572953,-1.57,-1.11,5000,5000,5000,5000,0.0,-0.0,8.0,20
72.5,240.5896199653487,327.13905581113994,376.5581765572953,-1.57,-1.11,5000,5000,5000,5000,0.0,-0.0,8.0,20
72.6,240.5896199653487,327.13905581113994,377.35817655729534,-1.57,-1.11,5000,5000,5000,5000,0.0,-0.0,8.0,20
72.7,240.5896199653487,327.13905581113994,378.15817655729535,-1.57,-1.11,5000,5000,5000,5000,0.0,-0.0,8.0,20
72.8,240.5896199653487,327.13905581113994,378.95817655729536,-1.57,-1.11,5000,5000,5000,5000,0.0,-0.0,8.0,20
72.9,240.5896199653487,327.13905581113994,379.75817655729537,-1.57,-1.11,5000,5000,5000,5000,0.0,-0.0,8.0,20
73.0,240.5896199653487,327.13905581113994,380.5581765572954,-1.57,-1.11,5000,5000,5000,5000,0.0,-0.0,8.0,20
73.1,240.5896199653487,327.13905581113994,381.3581765572954,-1.57,-1.11,5000,5000,5000,5000,0.0,-0.0,8.0,20
73.2,240.5896199653487,327.13905581113994,382.1581765572954,-1.57,-1.11,5000,5000,5000,5000,0.0,-0.0,8.0,20
73.3,240.5896199653487,327.13905581113994,382.9581765572954,-1.57,-1.11,5000,5000,5000,5000,0.0,-0.0,8.0,20
73.4,240.5896199653487,327.13905581113994,383.7581765572954,-1.57,-1.11,5000,5000,5000,5000,0.0,-0.0,8.0,20
73.5,240.5896199653487,327.13905581113994,384.55817655729544,-1.57,-1.11,5000,5000,5000,5000,0.0,-0.0,8.0,20
73.6,240.5896199653487,327.13905581113994,385.35817655729545,-1.57,-1.11,5000,5000,5000,5000,0.0,-0.0,8.0,20
73.7,240.5896199653487,327.13905581113994,386.15817655729546,-1.57,-1.11,5000,5000,5000,5000,0.0,-0.0,8.0,20
73.8,240.5896199653487,327.13905581113994,386.9581765572955,-1.57,-1.11,5000,5000,5000,5000,0.0,-0.0,8.0,20
73.9,240.5896199653487,327.13905581113994,387.7581765572955,-1.57,-1.11,5000,5000,5000,5000,0.0,-0.0,8.0,20
74.0,240.5896199653487,327.13905581113994,388.5581765572955,-1.57,-1.11,5000,5000,5000,5000,0.0,-0.0,8.0,20
74.1,240.5896199653487,327.13905581113994,389.3581765572955,-1.57,-1.11,5000,5000,5000,5000,0.0,-0.0,8.0,20
74.2,240.5896199653487,327.13905581113994,390.1581765572955,-1.57,-1.11,5000,5000,5000,5000,0.0,-0.0,8.0,20
74.3,240.5896199653487,327.13905581113994,390.95817655729553,-1.57,-1.11,5000,5000,5000,5000,0.0,-0.0,8.0,20
74.4,240.5896199653487,327.13905581113994,391.75817655729554,-1.57,-1.11,5000,5000,5000,5000,0.0,-0.0,8.0,20
74.5,240.5896199653487,327.13905581113994,392.55817655729555,-1.57,-1.11,5000,5000,5000,5000,0.0,-0.0,8.0,20
74.6,240.5896199653487,327.13905581113994,393.35817655729556,-1.57,-1.11,5000,5000,5000,5000,0.0,-0.0,8.0,20
74.7,240.5896199653487,327.13905581113994,394.1581765572956,-1.57,-1.11,5000,5000,5000,5000,0.0,-0.0,8.0,20
74.8,240.5896199653487,327.13905581113994,394.9581765572956,-1.57,-1.11,5000,5000,5000,5000,0.0,-0.0,8.0,20
74.9,240.5896199653487,327.13905581113994,395.7581765572956,-1.57,-1.11,5000,5000,5000,5000,0.0,-0.0,8.0,20
75.0,240.5896199653487,327.13905581113994,396.5581765572956,-1.57,-1.11,5000,5000,5000,5000,0.0,-0.0,8.0,20
75.1,240.5896199653487,327.13905581113994,397.3581765572956,-1.57,-1.11,5000,5000,5000,5000,0.0,-0.0,8.0,20
75.2,240.5896199653487,327.13905581113994,398.15817655729563,-1.57,-1.11,5000,5000,5000,5000,0.0,-0.0,8.0,20
75.3,240.5896199653487,327.13905581113994,398.95817655729564,-1.57,-1.11,5000,5000,5000,5000,0.0,-0.0,8.0,20
75.4,240.5896199653487,327.13905581113994,399.75817655729566,-1.57,-1.11,5000,5000,5000,5000,0.0,-0.0,8.0,20
75.5,240.5896199653487,327.13905581113994,400.55817655729567,-1.57,-1.11,5000,5000,5000,5000,0.0,-0.0,8.0,20
75.6,240.5896199653487,327.13905581113994,401.3581765572957,-1.57,-1.11,5000,5000,5000,5000,0.0,-0.0,8.0,20
75.7,240.5896199653487,327.13905581113994,402.1581765572957,-1.57,-1.11,5000,5000,5000,5000,0.0,-0.0,8.0,20
75.8,240.5896199653487,327.13905581113994,402.9581765572957,-1.57,-1.11,5000,5000,5000,5000,0.0,-0.0,8.0,20
75.9,240.5896199653487,327.13905581113994,403.7581765572957,-1.57,-1.11,5000,5000,5000,5000,0.0,-0.0,8.0,20
76.0,240.5896199653487,327.13905581113994,404.5581765572957,-1.57,-1.11,5000,5000,5000,5000,0.0,-0.0,8.0,20
76.1,240.5896199653487,327.13905581113994,405.35817655729574,-1.57,-1.11,5000,5000,5000,5000,0.0,-0.0,8.0,20
76.2,240.5896199653487,327.13905581113994,406.15817655729575,-1.57,-1.11,5000,5000,5000,5000,0.0,-0.0,8.0,20
76.3,240.5896199653487,327.13905581113994,406.95817655729576,-1.57,-1.11,5000,5000,5000,5000,0.0,-0.0,8.0,20
76.4,240.5896199653487,327.13905581113994,407.75817655729577,-1.57,-1.11,5000,5000,5000,5000,0.0,-0.0,8.0,20
76.5,240.5896199653487,327.13905581113994,408.5581765572958,-1.57,-1.11,5000,5000,5000,5000,0.0,-0.0,8.0,20
76.6,240.5896199653487,327.13905581113994,409.3581765572958,-1.57,-1.11,5000,5000,5000,5000,0.0,-0.0,8.0,20
76.7,240.5896199653487,327.13905581113994,410.1581765572958,-1.57,-1.11,5000,5000,5000,5000,0.0,-0.0,8.0,20
76.8,240.5896199653487,327.13905581113994,410.9581765572958,-1.57,-1.11,5000,5000,5000,5000,0.0,-0.0,8.0,20
76.9,240.5896199653487,327.13905581113994,411.7581765572958,-1.57,-1.11,5000,5000,5000,5000,0.0,-0.0,8.0,20
77.0,240.5896199653487,327.13905581113994,412.55817655729584,-1.57,-1.11,5000,5000,5000,5000,0.0,-0.0,8.0,20
77.1,240.5896199653487,327.13905581113994,413.35817655729585,-1.57,-1.11,5000,5000,5000,5000,0.0,-0.0,8.0,20
77.2,240.5896199653487,327.13905581113994,414.15817655729586,-1.57,-1.11,5000,5000,5000,5000,0.0,-0.0,8.0,20
77.3,240.5896199653487,327.13905581113994,414.9581765572959,-1.57,-1.11,5000,5000,5000,5000,0.0,-0.0,8.0,20
77.4,240.5896199653487,327.13905581113994,415.73740689953604,-1.57,-1.11,4940,4940,4940,4940,0.0,-0.0,7.79,20
77.5,240.5896199653487,327.13905581113994,416.4750782901901,-1.57,-1.11,4880,4880,4880,4880,0.0,-0.0,7.38,20
77.6,240.5896199653487,327.13905581113994,417.1734072066759,-1.57,-1.11,4820,4820,4820,4820,0.0,-0.0,6.98,20
77.7,240.5896199653487,327.13905581113994,417.83449191428247,-1.57,-1.11,4760,4760,4760,4760,0.0,-0.0,6.61,20
77.8,240.5896199653487,327.13905581113994,418.4603187708167,-1.57,-1.11,4700,4700,4700,4700,0.0,-0.0,6.26,20
77.9,240.5896199653487,327.13905581113994,419.0527681950024,-1.57,-1.11,4640,4640,4640,4640,0.0,-0.0,5.92,20
78.0,240.5896199653487,327.13905581113994,419.6136203165649,-1.57,-1.11,4580,4580,4580,4580,0.0,-0.0,5.61,20
78.1,240.5896199653487,327.13905581113994,420.14456032497736,-1.57,-1.11,4520,4520,4520,4520,0.0,-0.0,5.31,20
78.2,240.5896199653487,327.13905581113994,420.6471835329412,-1.57,-1.11,4460,4460,4460,4460,0.0,-0.0,5.03,20
78.3,240.5896199653487,327.13905581113994,421.1230001698136,-1.57,-1.11,4400,4400,4400,4400,0.0,-0.0,4.76,20
78.4,240.5896199653487,327.13905581113994,421.57343991938615,-1.57,-1.11,4340,4340,4340,4340,0.0,-0.0,4.5,20
78.5,240.5896199653487,327.13905581113994,421.99985621564815,-1.57,-1.11,4280,4280,4280,4280,0.0,-0.0,4.26,20
78.6,240.5896199653487,327.13905581113994,422.40353030944283,-1.57,-1.11,4220,4220,4220,4220,0.0,-0.0,4.04,20
78.7,240.5896199653487,327.13905581113994,422.78567511823513,-1.57,-1.11,4160,4160,4160,4160,0.0,-0.0,3.82,20
78.8,240.5896199653487,327.13905581113994,423.1474388705585,-1.57,-1.11,4100,4100,4100,4100,0.0,-0.0,3.62,20
78.9,240.5896199653487,327.13905581113994,423.48990855609134,-1.57,-1.11,4040,4040,4040,4040,0.0,-0.0,3.42,20
79.0,240.5896199653487,327.13905581113994,423.81411319172906,-1.57,-1.11,3980,3980,3980,3980,0.0,-0.0,3.24,20
79.1,240.5896199653487,327.13905581113994,424.1210269134661,-1.57,-1.11,3920,3920,3920,3920,0.0,-0.0,3.07,20
79.2,240.5896199653487,327.13905581113994,424.4115719033772,-1.57,-1.11,3860,3860,3860,3860,0.0,-0.0,2.91,20
79.3,240.5896199653487,327.13905581113994,424.686621160493,-1.57,-1.11,3800,3800,3800,3800,0.0,-0.0,2.75,20
79.4,240.5896199653487,327.13905581113994,424.947001123896,-1.57,-1.11,3740,3740,3740,3740,0.0,-0.0,2.6,20
79.5,240.5896199653487,327.13905581113994,425.19349415591745,-1.57,-1.11,3680,3680,3680,3680,0.0,-0.0,2.46,20
79.6,240.5896199653487,327.13905581113994,425.4268408928978,-1.57,-1.11,3620,3620,3620,3620,0.0,-0.0,2.33,20
79.7,240.5896199653487,327.13905581113994,425.64774247057255,-1.57,-1.11,3560,3560,3560,3560,0.0,-0.0,2.21,20
79.8,240.5896199653487,327.13905581113994,425.8568626307713,-1.57,-1.11,3500,3500,3500,3500,0.0,-0.0,2.09,20
79.9,240.5896199653487,327.13905581113994,426.0548297157594,-1.57,-1.11,3440,3440,3440,3440,0.0,-0.0,1.98,20
80.0,240.5896199653487,327.13905581113994,426.24223855621483,-1.57,-1.11,3380,3380,3380,3380,0.0,-0.0,1.87,20
80.1,240.5896199653487,327.13905581113994,426.41965225851266,-1.57,-1.11,3320,3320,3320,3320,0.0,-0.0,1.77,20
80.2,240.5896199653487,327.13905581113994,426.58760389668794,-1.57,-1.11,3260,3260,3260,3260,0.0,-0.0,1.68,20
80.3,240.5896199653487,327.13905581113994,426.7465981141605,-1.57,-1.11,3200,3200,3200,3200,0.0,-0.0,1.59,20
80.4,240.5896199653487,327.13905581113994,426.89711264003455,-1.57,-1.11,3140,3140,3140,3140,0.0,-0.0,1.51,20
80.5,240.5896199653487,327.13905581113994,427.03959972452867,-1.57,-1.11,3080,3080,3080,3080,0.0,-0.0,1.42,20
80.6,240.5896199653487,327.13905581113994,427.1744874978497,-1.57,-1.11,3119,3119,3119,3119,0.0,-0.0,1.35,20
80.7,240.5896199653487,327.13905581113994,427.30218125659366,-1.57,-1.11,3059,3059,3059,3059,0.0,-0.0,1.28,20
80.8,240.5896199653487,327.13905581113994,427.42306468153794,-1.57,-1.11,3001,3001,3001,3001,0.0,-0.0,1.21,20
80.9,240.5896199653487,327.13905581113994,427.53750099048517,-1.57,-1.11,3061,3061,3061,3061,0.0,-0.0,1.14,20
81.0,240.5896199653487,327.13905581113994,427.6458340296219,-1.57,-1.11,3001,3001,3001,3001,0.0,-0.0,1.08,20
81.1,240.76829109886066,327.2289258620444,427.4120011140477,0.71,0.47,2941,2941,2941,2941,1.79,0.9,-2.34,20
81.2,240.98269645907496,327.3367699231297,427.1594615652276,0.71,0.47,2881,2881,2881,2881,2.14,1.08,-2.53,20
81.3,241.23998289133212,327.46618279643207,426.88671885250193,0.71,0.47,2821,2821,2821,2821,2.57,1.29,-2.73,20
81.4,241.54872661004072,327.6214782443949,426.59215672275815,0.71,0.47,2761,2761,2761,2761,3.09,1.55,-2.95,20
81.5,241.91921907249105,327.8078327819503,426.2740296226349,0.71,0.47,2701,2701,2701,2701,3.7,1.86,-3.18,20
81.6,242.36381002743144,328.0314582270168,425.93045235450177,0.71,0.47,2641,2641,2641,2641,4.45,2.24,-3.44,20
81.7,242.8973191733599,328.2998087610966,425.559388904918,0.71,0.47,2581,2581,2581,2581,5.34,2.68,-3.71,20
81.8,243.53753014847405,328.6218294019924,425.15864037936757,0.71,0.47,2521,2521,2521,2521,6.4,3.22,-4.01,20
81.9,244.30578331861102,329.00825417106734,424.72583197177306,0.71,0.47,2461,2461,2461,2461,7.68,3.86,-4.33,20
82.0,245.2276871227754,329.47196389395725,424.258398891571,0.72,0.47,2401,2401,2401,2401,9.22,4.64,-4.67,20
82.1,246.33397168777265,330.02841556142516,423.7535711649528,0.72,0.47,2341,2341,2341,2341,11.06,5.56,-5.05,20
82.2,247.66151316576935,330.69615756238665,423.20835722020513,0.72,0.47,2281,2281,2281,2281,13.28,6.68,-5.45,20
82.3,249.2545629393654,331.4974479635404,422.61952615987764,0.72,0.47,2221,2221,2221,2221,15.93,8.01,-5.89,20
82.4,251.04127427448464,332.39614847258474,421.98358861472394,0.72,0.47,2161,2161,2161,2161,17.87,8.99,-6.36,20
82.5,252.82798560960387,333.29484898162906,421.29677606595794,0.72,0.47,2101,2101,2101,2101,17.87,8.99,-6.87,20
82.6,254.6146969447231,334.1935494906734,420.5550185132907,0.72,0.47,2100,2100,2100,2100,17.87,8.99,-7.42,20
82.7,256.4014082798423,335.0922499997177,419.7550185132907,0.72,0.47,2100,2100,2100,2100,17.87,8.99,-8.0,20
82.8,258.1881196149615,335.990950508762,418.95501851329067,0.72,0.47,2100,2100,2100,2100,17.87,8.99,-8.0,20
82.9,259.97483095008073,336.88965101780633,418.15501851329066,0.72,0.47,2100,2100,2100,2100,17.87,8.99,-8.0,20
83.0,261.76154228519994,337.78835152685065,417.35501851329064,0.73,0.47,2100,2100,2100,2100,17.87,8.99,-8.0,20
83.1,263.54825362031914,338.68705203589496,416.55501851329063,0.73,0.47,2100,2100,2100,2100,17.87,8.99,-8.0,20
83.2,265.33496495543835,339.5857525449393,415.7550185132906,0.73,0.47,2100,2100,2100,2100,17.87,8.99,-8.0,20
83.3,267.12167629055756,340.4844530539836,414.9550185132906,0.73,0.47,2100,2100,2100,2100,17.87,8.99,-8.0,20
83.4,268.90838762567677,341.3831535630279,414.1550185132906,0.73,0.47,2100,2100,2100,2100,17.87,8.99,-8.0,20
83.5,270.695098960796,342.28185407207224,413.3550185132906,0.73,0.47,2100,2100,2100,2100,17.87,8.99,-8.0,20
83.6,272.4818102959152,343.18055458111655,412.5550185132906,0.73,0.47,2100,2100,2100,2100,17.87,8.99,-8.0,20
83.7,274.2685216310344,344.07925509016087,411.75501851329057,0.73,0.47,2100,2100,2100,2100,17.87,8.99,-8.0,20
83.8,276.0552329661536,344.9779555992052,410.95501851329055,0.74,0.47,2100,2100,2100,2100,17.87,8.99,-8.0,20
83.9,277.8419443012728,345.8766561082495,410.15501851329054,0.74,0.47,2100,2100,2100,2100,17.87,8.99,-8.0,20
84.0,279.628655636392,346.7753566172938,409.35501851329053,0.74,0.47,2100,2100,2100,2100,17.87,8.99,-8.0,20
84.1,281.4153669715112,347.67405712633814,408.5550185132905,0.74,0.47,2100,2100,2100,2100,17.87,8.99,-8.0,20
84.2,283.2020783066304,348.57275763538246,407.7550185132905,0.74,0.47,2100,2100,2100,2100,17.87,8.99,-8.0,20
84.3,284.98878964174963,349.4714581444268,406.9550185132905,0.74,0.47,2100,2100,2100,2100,17.87,8.99,-8.0,20
84.4,286.77550097686884,350.3701586534711,406.1550185132905,0.74,0.47,2100,2100,2100,2100,17.87,8.99,-8.0,20
84.5,288.56221231198805,351.2688591625154,405.3550185132905,0.75,0.47,2100,2100,2100,2100,17.87,8.99,-8.0,20
84.6,290.34892364710726,352.16755967155973,404.55501851329046,0.75,0.47,2100,2100,2100,2100,17.87,8.99,-8.0,20
84.7,292.13563498222646,353.06626018060405,403.75501851329045,0.75,0.47,2100,2100,2100,2100,17.87,8.99,-8.0,20
84.8,293.92234631734567,353.96496068964836,402.95501851329044,0.75,0.47,2100,2100,2100,2100,17.87,8.99,-8.0,20
84.9,295.7090576524649,354.8636611986927,402.15501851329043,0.75,0.47,2100,2100,2100,2100,17.87,8.99,-8.0,20
85.0,297.4957689875841,355.762361707737,401.3550185132904,0.75,0.47,2100,2100,2100,2100,17.87,8.99,-8.0,20
85.1,299.2824803227033,356.6610622167813,400.5550185132904,0.75,0.47,2100,2100,2100,2100,17.87,8.99,-8.0,20
85.2,301.0691916578225,357.55976272582564,399.7550185132904,0.75,0.47,2100,2100,2100,2100,17.87,8.99,-8.0,20
85.3,302.8559029929417,358.45846323486995,398.9550185132904,0.76,0.47,2100,2100,2100,2100,17.87,8.99,-8.0,20
85.4,304.6426143280609,359.35716374391427,398.1550185132904,0.76,0.47,2100,2100,2100,2100,17.87,8.99,-8.0,20
85.5,306.4293256631801,360.2558642529586,397.35501851329036,0.76,0.47,2100,2100,2100,2100,17.87,8.99,-8.0,20
85.6,308.21603699829933,361.1545647620029,396.55501851329035,0.76,0.47,2100,2100,2100,2100,17.87,8.99,-8.0,20
85.7,310.00274833341854,362.0532652710472,395.75501851329034,0.76,0.47,2100,2100,2100,2100,17.87,8.99,-8.0,20
85.8,311.78945966853775,362.95196578009154,394.9550185132903,0.76,0.47,2100,2100,2100,2100,17.87,8.99,-8.0,20
85.9,313.57617100365695,363.85066628913586,394.1550185132903,0.76,0.47,2100,2100,2100,2100,17.87,8.99,-8.0,20
86.0,315.36288233877616,364.7493667981802,393.3550185132903,0.77,0.47,2100,2100,2100,2100,17.87,8.99,-8.0,20
86.1,317.14959367389537,365.6480673072245,392.5550185132903,0.77,0.47,2100,2100,2100,2100,17.87,8.99,-8.0,20
86.2,318.9363050090146,366.5467678162688,391.7550185132903,0.77,0.47,2100,2100,2100,2100,17.87,8.99,-8.0,20
86.3,320.7230163441338,367.44546832531313,390.95501851329027,0.77,0.47,2100,2100,2100,2100,17.87,8.99,-8.0,20
86.4,322.509727679253,368.34416883435745,390.15501851329026,0.77,0.47,2100,2100,2100,2100,17.87,8.99,-8.0,20
86.5,324.2964390143722,369.24286934340176,389.35501851329025,0.77,0.47,2100,2100,2100,2100,17.87,8.99,-8.0,20
86.6,326.0831503494914,370.1415698524461,388.55501851329024,0.78,0.47,2100,2100,2100,2100,17.87,8.99,-8.0,20
86.7,327.8698616846106,371.0402703614904,387.7550185132902,0.78,0.47,2100,2100,2100,2100,17.87,8.99,-8.0,20
86.8,329.6565730197298,371.9389708705347,386.9550185132902,0.78,0.47,2100,2100,2100,2100,17.87,8.99,-8.0,20
86.9,331.443284354849,372.83767137957904,386.1550185132902,0.78,0.47,2100,2100,2100,2100,17.87,8.99,-8.0,20
87.0,333.22999568996823,373.73637188862335,385.3550185132902,0.78,0.47,2100,2100,2100,2100,17.87,8.99,-8.0,20
87.1,335.01670702508744,374.63507239766767,384.5550185132902,0.78,0.47,2100,2100,2100,2100,17.87,8.99,-8.0,20
87.2,336.80341836020665,375.533772906712,383.75501851329017,0.78,0.47,2100,2100,2100,2100,17.87,8.99,-8.0,20
87.3,338.59012969532586,376.4324734157563,382.95501851329016,0.79,0.47,2100,2100,2100,2100,17.87,8.99,-8.0,20
87.4,340.37684103044506,377.3311739248006,382.15501851329014,0.79,0.47,2100,2100,2100,2100,17.87,8.99,-8.0,20
87.5,342.16355236556427,378.22987443384494,381.35501851329013,0.79,0.47,2100,2100,2100,2100,17.87,8.99,-8.0,20
87.6,343.9502637006835,379.12857494288926,380.5550185132901,0.79,0.47,2100,2100,2100,2100,17.87,8.99,-8.0,20
87.7,345.7369750358027,380.0272754519336,379.7550185132901,0.79,0.47,2100,2100,2100,2100,17.87,8.99,-8.0,20
87.8,347.5236863709219,380.9259759609779,378.9550185132901,0.79,0.47,2100,2100,2100,2100,17.87,8.99,-8.0,20
87.9,349.3103977060411,381.8246764700222,378.1550185132901,0.8,0.47,2100,2100,2100,2100,17.87,8.99,-8.0,20
88.0,351.0971090411603,382.72337697906653,377.3550185132901,0.8,0.47,2100,2100,2100,2100,17.87,8.99,-8.0,20
88.1,352.8838203762795,383.62207748811085,376.55501851329007,0.8,0.47,2100,2100,2100,2100,17.87,8.99,-8.0,20
88.2,354.6705317113987,384.52077799715516,375.75501851329005,0.8,0.47,2100,2100,2100,2100,17.87,8.99,-8.0,20
88.3,356.45724304651793,385.4194785061995,374.95501851329004,0.8,0.47,2100,2100,2100,2100,17.87,8.99,-8.0,20
88.4,358.24395438163714,386.3181790152438,374.15501851329003,0.8,0.47,2100,2100,2100,2100,17.87,8.99,-8.0,20
88.5,360.03066571675635,387.2168795242881,373.35501851329,0.81,0.47,2100,2100,2100,2100,17.87,8.99,-8.0,20
88.6,361.81737705187555,388.11558003333244,372.55501851329,0.81,0.47,2100,2100,2100,2100,17.87,8.99,-8.0,20
88.7,363.60408838699476,389.01428054237675,371.75501851329,0.81,0.47,2100,2100,2100,2100,17.87,8.99,-8.0,20
88.8,365.39079972211397,389.91298105142107,370.95501851329,0.81,0.47,2100,2100,2100,2100,17.87,8.99,-8.0,20
88.9,367.1775110572332,390.8116815604654,370.15501851329,0.81,0.47,2100,2100,2100,2100,17.87,8.99,-8.0,20
89.0,368.9642223923524,391.7103820695097,369.35501851328996,0.82,0.47,2100,2100,2100,2100,17.87,8.99,-8.0,20
89.1,370.7509337274716,392.609082578554,368.55501851328995,0.82,0.47,2100,2100,2100,2100,17.87,8.99,-8.0,20
89.2,372.5376450625908,393.50778308759834,367.75501851328994,0.82,0.47,2100,2100,2100,2100,17.87,8.99,-8.0,20
89.3,374.32435639771,394.40648359664266,366.95501851328993,0.82,0.47,2100,2100,2100,2100,17.87,8.99,-8.0,20
89.4,376.1110677328292,395.305184105687,366.1550185132899,0.82,0.47,2100,2100,2100,2100,17.87,8.99,-8.0,20
89.5,377.8977790679484,396.2038846147313,365.3550185132899,0.83,0.47,2100,2100,2100,2100,17.87,8.99,-8.0,20
89.6,379.6844904030676,397.1025851237756,364.5550185132899,0.83,0.47,2100,2100,2100,2100,17.87,8.99,-8.0,20
89.7,381.47120173818683,398.00128563281993,363.7550185132899,0.83,0.47,2100,2100,2100,2100,17.87,8.99,-8.0,20
89.8,383.25791307330604,398.89998614186425,362.9550185132899,0.83,0.47,2100,2100,2100,2100,17.87,8.99,-8.0,20
89.9,385.04462440842525,399.79868665090856,362.15501851328986,0.83,0.47,2100,2100,2100,2100,17.87,8.99,-8.0,20
90.0,386.83133574354446,400.6973871599529,361.35501851328985,0.84,0.47,2100,2100,2100,2100,17.87,8.99,-8.0,20
90.1,388.61804707866366,401.5960876689972,360.55501851328984,0.84,0.47,2100,2100,2100,2100,17.87,8.99,-8.0,20
90.2,390.4047584137829,402.4947881780415,359.7550185132898,0.84,0.47,2100,2100,2100,2100,17.87,8.99,-8.0,20
90.3,392.1914697489021,403.39348868708583,358.9550185132898,0.84,0.47,2100,2100,2100,2100,17.87,8.99,-8.0,20
90.4,393.9781810840213,404.29218919613015,358.1550185132898,0.84,0.47,2100,2100,2100,2100,17.87,8.99,-8.0,20
90.5,395.7648924191405,405.19088970517447,357.3550185132898,0.85,0.47,2100,2100,2100,2100,17.87,8.99,-8.0,20
90.6,397.5516037542597,406.0895902142188,356.5550185132898,0.85,0.47,2100,2100,2100,2100,17.87,8.99,-8.0,20
90.7,399.3383150893789,406.9882907232631,355.75501851328977,0.85,0.47,2100,2100,2100,2100,17.87,8.99,-8.0,20
90.8,401.1250264244981,407.8869912323074,354.95501851328976,0.85,0.47,2100,2100,2100,2100,17.87,8.99,-8.0,20
90.9,402.9117377596173,408.78569174135174,354.15501851328975,0.85,0.47,2100,2100,2100,2100,17.87,8.99,-8.0,20
91.0,404.69844909473653,409.68439225039606,353.35501851328974,0.86,0.47,2100,2100,2100,2100,17.87,8.99,-8.0,20
91.1,406.48516042985574,410.5830927594404,352.5550185132897,0.86,0.47,2100,2100,2100,2100,17.87,8.99,-8.0,20
91.2,408.27187176497495,411.48179326848464,351.7550185132897,0.86,0.47,2100,2100,2100,2100,17.87,8.99,-8.0,20
91.3,410.05858310009415,412.38049377752895,350.9550185132897,0.86,0.47,2100,2100,2100,2100,17.87,8.99,-8.0,20
91.4,411.84529443521336,413.2791942865732,350.1550185132897,0.87,0.47,2100,2100,2100,2100,17.87,8.99,-8.0,20
91.5,413.63200577033257,414.1778947956175,349.3550185132897,0.87,0.47,2100,2100,2100,2100,17.87,8.99,-8.0,20
91.6,415.4187171054518,415.07659530466174,348.55501851328967,0.87,0.47,2100,2100,2100,2100,17.87,8.99,-8.0,20
91.7,417.205428440571,415.975295813706,347.75501851328966,0.87,0.47,2100,2100,2100,2100,17.87,8.99,-8.0,20
91.8,418.9921397756902,416.8739963227503,346.95501851328964,0.87,0.47,2100,2100,2100,2100,17.87,8.99,-8.0,20
91.9,420.7788511108094,417.77269683179463,346.15501851328963,0.88,0.47,2100,2100,2100,2100,17.87,8.99,-8.0,20
92.0,422.5655624459286,418.6713973408389,345.3550185132896,0.88,0.47,2100,2100,2100,2100,17.87,8.99,-8.0,20
92.1,424.3522737810478,419.57009784988315,344.5550185132896,0.88,0.47,2100,2100,2100,2100,17.87,8.99,-8.0,20
92.2,426.138985116167,420.4687983589274,343.7550185132896,0.88,0.47,2100,2100,2100,2100,17.87,8.99,-8.0,20
92.3,427.9256964512862,421.3674988679717,342.9550185132896,0.89,0.47,2100,2100,2100,2100,17.87,8.99,-8.0,20
92.4,429.71240778640544,422.266199377016,342.1550185132896,0.89,0.47,2100,2100,2100,2100,17.87,8.99,-8.0,20
92.5,431.49911912152464,423.16489988606025,341.35501851328956,0.89,0.47,2100,2100,2100,2100,17.87,8.99,-8.0,20
92.6,433.28583045664385,424.0636003951046,340.55501851328955,0.89,0.47,2100,2100,2100,2100,17.87,8.99,-8.0,20
92.7,435.07254179176306,424.96230090414883,339.75501851328954,0.9,0.47,2100,2100,2100,2100,17.87,8.99,-8.0,20
92.8,436.85925312688227,425.8610014131931,338.95501851328953,0.9,0.47,2100,2100,2100,2100,17.87,8.99,-8.0,20
92.9,438.6459644620015,426.7597019222374,338.1550185132895,0.9,0.47,2100,2100,2100,2100,17.87,8.99,-8.0,20
93.0,440.4326757971207,427.6584024312817,337.3550185132895,0.9,0.47,2100,2100,2100,2100,17.87,8.99,-8.0,20
93.1,442.2193871322399,428.55710294032593,336.5550185132895,0.91,0.47,2100,2100,2100,2100,17.87,8.99,-8.0,20
93.2,444.0060984673591,429.45580344937025,335.7550185132895,0.91,0.47,2100,2100,2100,2100,17.87,8.99,-8.0,20
93.3,445.7928098024783,430.3545039584145,334.9550185132895,0.91,0.47,2100,2100,2100,2100,17.87,8.99,-8.0,20
93.4,447.5795211375975,431.2532044674588,334.15501851328946,0.91,0.47,2100,2100,2100,2100,17.87,8.99,-8.0,20
93.5,449.3662324727167,432.15190497650303,333.35501851328945,0.92,0.47,2100,2100,2100,2100,17.87,8.99,-8.0,20
93.6,451.1529438078359,433.05060548554735,332.55501851328944,0.92,0.47,2100,2100,2100,2100,17.87,8.99,-8.0,20
93.7,452.93965514295513,433.9493059945916,331.75501851328943,0.92,0.47,2100,2100,2100,2100,17.87,8.99,-8.0,20
93.8,454.72636647807434,434.84800650363593,330.9550185132894,0.93,0.47,2100,2100,2100,2100,17.87,8.99,-8.0,20
93.9,456.51307781319355,435.7467070126802,330.1550185132894,0.93,0.47,2100,2100,2100,2100,17.87,8.99,-8.0,20
94.0,458.29978914831275,436.64540752172445,329.3550185132894,0.93,0.47,2100,2100,2100,2100,17.87,8.99,-8.0,20
94.1,460.08650048343196,437.5441080307687,328.5550185132894,0.93,0.47,2100,2100,2100,2100,17.87,8.99,-8.0,20
94.2,461.87321181855117,438.44280853981303,327.7550185132894,0.94,0.47,2100,2100,2100,2100,17.87,8.99,-8.0,20
94.3,463.6599231536704,439.3415090488573,326.95501851328936,0.94,0.47,2100,2100,2100,2100,17.87,8.99,-8.0,20
94.4,465.4466344887896,440.24020955790155,326.15501851328935,0.94,0.47,2100,2100,2100,2100,17.87,8.99,-8.0,20
94.5,467.2333458239088,441.13891006694587,325.35501851328934,0.95,0.47,2100,2100,2100,2100,17.87,8.99,-8.0,20
94.6,469.020057159028,442.03761057599013,324.5550185132893,0.95,0.47,2100,2100,2100,2100,17.87,8.99,-8.0,20
94.7,470.8067684941472,442.9363110850344,323.7550185132893,0.95,0.47,2100,2100,2100,2100,17.87,8.99,-8.0,20
94.8,472.5934798292664,443.8350115940787,322.9550185132893,0.96,0.47,2100,2100,2100,2100,17.87,8.99,-8.0,20
94.9,474.3801911643856,444.73371210312297,322.1550185132893,0.96,0.47,2100,2100,2100,2100,17.87,8.99,-8.0,20
95.0,476.16690249950483,445.63241261216723,321.3550185132893,0.96,0.47,2100,2100,2100,2100,17.87,8.99,-8.0,20
95.1,477.95361383462404,446.53111312121155,320.55501851328927,0.96,0.47,2100,2100,2100,2100,17.87,8.99,-8.0,20
95.2,479.74032516974324,447.4298136302558,319.75501851328926,0.97,0.47,2100,2100,2100,2100,17.87,8.99,-8.0,20
95.3,481.52703650486245,448.32851413930007,318.95501851328925,0.97,0.47,2100,2100,2100,2100,17.87,8.99,-8.0,20
95.4,483.31374783998166,449.22721464834433,318.15501851328924,0.97,0.47,2100,2100,2100,2100,17.87,8.99,-8.0,20
95.5,485.10045917510087,450.12591515738865,317.3550185132892,0.98,0.47,2100,2100,2100,2100,17.87,8.99,-8.0,20
95.6,486.8871705102201,451.0246156664329,316.5550185132892,0.98,0.47,2100,2100,2100,2100,17.87,8.99,-8.0,20
95.7,488.6738818453393,451.92331617547717,315.7550185132892,0.98,0.47,2100,2100,2100,2100,17.87,8.99,-8.0,20
95.8,490.4605931804585,452.8220166845215,314.9550185132892,0.99,0.47,2100,2100,2100,2100,17.87,8.99,-8.0,20
95.9,492.2473045155777,453.72071719356575,314.1550185132892,0.99,0.47,2100,2100,2100,2100,17.87,8.99,-8.0,20
96.0,494.0340158506969,454.61941770261,313.35501851328917,0.99,0.47,2100,2100,2100,2100,17.87,8.99,-8.0,20
96.1,495.8207271858161,455.51811821165427,312.55501851328916,1.0,0.47,2100,2100,2100,2100,17.87,8.99,-8.0,20
96.2,497.6074385209353,456.4168187206986,311.75501851328914,1.0,0.47,2100,2100,2100,2100,17.87,8.99,-8.0,20
96.3,499.3941498560545,457.3155192297429,310.95501851328913,1.01,0.47,2100,2100,2100,2100,17.87,8.99,-8.0,20
96.4,501.18086119117373,458.21421973878716,310.1550185132891,1.01,0.47,2100,2100,2100,2100,17.87,8.99,-8.0,20
96.5,502.96757252629294,459.1129202478314,309.3550185132891,1.01,0.47,2100,2100,2100,2100,17.87,8.99,-8.0,20
96.6,504.75428386141215,460.0116207568757,308.5550185132891,1.02,0.47,2100,2100,2100,2100,17.87,8.99,-8.0,20
96.7,506.54099519653136,460.91032126591995,307.7550185132891,1.02,0.47,2100,2100,2100,2100,17.87,8.99,-8.0,20
96.8,508.32770653165056,461.80902177496426,306.9550185132891,1.02,0.47,2100,2100,2100,2100,17.87,8.99,-8.0,20
96.9,510.11441786676977,462.7077222840085,306.15501851328906,1.03,0.47,2100,2100,2100,2100,17.87,8.99,-8.0,20
97.0,511.901129201889,463.6064227930528,305.35501851328905,1.03,0.47,2100,2100,2100,2100,17.87,8.99,-8.0,20
97.1,513.6878405370082,464.5051233020971,304.55501851328904,1.04,0.47,2100,2100,2100,2100,17.87,8.99,-8.0,20
97.2,515.4745518721274,465.40382381114136,303.75501851328903,1.04,0.47,2100,2100,2100,2100,17.87,8.99,-8.0,20
97.3,517.2612632072467,466.3025243201857,302.955018513289,1.04,0.47,2100,2100,2100,2100,17.87,8.99,-8.0,20
97.4,519.0479745423659,467.20122482922994,302.155018513289,1.05,0.47,2100,2100,2100,2100,17.87,8.99,-8.0,20
97.5,520.8346858774851,468.0999253382742,301.355018513289,1.05,0.47,2100,2100,2100,2100,17.87,8.99,-8.0,20
97.6,522.6213972126043,468.9986258473185,300.555018513289,1.06,0.47,2100,2100,2100,2100,17.87,8.99,-8.0,20
97.7,524.4081085477235,469.8973263563628,299.755018513289,1.06,0.47,2100,2100,2100,2100,17.87,8.99,-8.0,20
97.8,526.1948198828427,470.79602686540704,298.95501851328896,1.06,0.47,2100,2100,2100,2100,17.87,8.99,-8.0,20
97.9,527.9815312179619,471.69472737445136,298.15501851328895,1.07,0.47,2100,2100,2100,2100,17.87,8.99,-8.0,20
98.0,529.7682425530811,472.5934278834956,297.35501851328894,1.07,0.47,2100,2100,2100,2100,17.87,8.99,-8.0,20
98.1,531.5549538882003,473.49212839253994,296.5550185132889,1.08,0.47,2100,2100,2100,2100,17.87,8.99,-8.0,20
98.2,533.3416652233195,474.3908289015842,295.7550185132889,1.08,0.47,2100,2100,2100,2100,17.87,8.99,-8.0,20
98.3,535.1283765584387,475.28952941062846,294.9550185132889,1.08,0.47,2100,2100,2100,2100,17.87,8.99,-8.0,20
98.4,536.9150878935579,476.1882299196727,294.1550185132889,1.09,0.47,2100,2100,2100,2100,17.87,8.99,-8.0,20
98.5,538.7017992286771,477.08693042871704,293.3550185132889,1.09,0.47,2100,2100,2100,2100,17.87,8.99,-8.0,20
98.6,540.4885105637964,477.9856309377613,292.55501851328887,1.1,0.47,2100,2100,2100,2100,17.87,8.99,-8.0,20
98.7,542.2752218989156,478.88433144680556,291.75501851328886,1.1,0.47,2100,2100,2100,2100,17.87,8.99,-8.0,20
98.8,544.0619332340348,479.7830319558499,290.95501851328885,1.11,0.47,2100,2100,2100,2100,17.87,8.99,-8.0,20
98.9,545.848644569154,480.68173246489414,290.15501851328884,1.11,0.47,2100,2100,2100,2100,17.87,8.99,-8.0,20
99.0,547.6353559042732,481.5804329739384,289.3550185132888,1.12,0.47,2100,2100,2100,2100,17.87,8.99,-8.0,20
99.1,549.4220672393924,482.47913348298266,288.5550185132888,1.12,0.47,2100,2100,2100,2100,17.87,8.99,-8.0,20
99.2,551.2087785745116,483.377833992027,287.7550185132888,1.13,0.47,2100,2100,2100,2100,17.87,8.99,-8.0,20
99.3,552.9954899096308,484.27653450107124,286.9550185132888,1.13,0.47,2100,2100,2100,2100,17.87,8.99,-8.0,20
99.4,554.78220124475,485.17523501011556,286.1550185132888,1.14,0.47,2100,2100,2100,2100,17.87,8.99,-8.0,20
99.5,556.5689125798692,486.0739355191598,285.35501851328877,1.14,0.47,2100,2100,2100,2100,17.87,8.99,-8.0,20
99.6,558.3556239149884,486.9726360282041,284.55501851328876,1.15,0.47,2100,2100,2100,2100,17.87,8.99,-8.0,20
99.7,560.1423352501076,487.87133653724834,283.75501851328875,1.15,0.47,2100,2100,2100,2100,17.87,8.99,-8.0,20
99.8,561.9290465852268,488.77003704629266,282.95501851328873,1.16,0.47,2100,2100,2100,2100,17.87,8.99,-8.0,20
99.9,563.715757920346,489.6687375553369,282.1550185132887,1.16,0.47,2100,2100,2100,2100,17.87,8.99,-8.0,20
100.0,565.5024692554653,490.5674380643812,281.3550185132887,1.17,0.47,2100,2100,2100,2100,17.87,8.99,-8.0,20
100.1,567.2891805905845,491.4661385734255,280.5550185132887,1.17,0.47,2100,2100,2100,2100,17.87,8.99,-8.0,20
100.2,569.0758919257037,492.36483908246976,279.7550185132887,1.18,0.47,2100,2100,2100,2100,17.87,8.99,-8.0,20
100.3,570.8626032608229,493.263539591514,278.9550185132887,1.18,0.47,2100,2100,2100,2100,17.87,8.99,-8.0,20
100.4,572.6493145959421,494.16224010055834,278.15501851328867,1.19,0.47,2100,2100,2100,2100,17.87,8.99,-8.0,20
100.5,574.4360259310613,495.0609406096026,277.35501851328866,1.19,0.47,2100,2100,2100,2100,17.87,8.99,-8.0,20
100.6,576.2227372661805,495.95964111864686,276.55501851328864,1.2,0.47,2100,2100,2100,2100,17.87,8.99,-8.0,20
100.7,578.0094486012997,496.8583416276912,275.75501851328863,1.2,0.47,2100,2100,2100,2100,17.87,8.99,-8.0,20
100.8,579.7961599364189,497.75704213673544,274.9550185132886,1.21,0.47,2100,2100,2100,2100,17.87,8.99,-8.0,20
100.9,581.5828712715381,498.6557426457797,274.1550185132886,1.22,0.47,2100,2100,2100,2100,17.87,8.99,-8.0,20
101.0,583.3695826066573,499.554443154824,273.3550185132886,1.22,0.47,2100,2100,2100,2100,17.87,8.99,-8.0,20
101.1,585.1562939417765,500.4531436638683,272.5550185132886,1.23,0.47,2100,2100,2100,2100,17.87,8.99,-8.0,20
101.2,586.9430052768957,501.35184417291254,271.7550185132886,1.23,0.47,2100,2100,2100,2100,17.87,8.99,-8.0,20
101.3,588.729716612015,502.25054468195685,270.95501851328856,1.24,0.47,2100,2100,2100,2100,17.87,8.99,-8.0,20
101.4,590.5164279471342,503.1492451910011,270.15501851328855,1.25,0.47,2100,2100,2100,2100,17.87,8.99,-8.0,20
101.5,592.3031392822534,504.0479457000454,269.35501851328854,1.25,0.47,2100,2100,2100,2100,17.87,8.99,-8.0,20
101.6,594.0898506173726,504.94664620908964,268.55501851328853,1.26,0.47,2100,2100,2100,2100,17.87,8.99,-8.0,20
101.7,595.8765619524918,505.84534671813395,267.7550185132885,1.26,0.47,2100,2100,2100,2100,17.87,8.99,-8.0,20
101.8,597.663273287611,506.7440472271782,266.9550185132885,1.27,0.47,2100,2100,2100,2100,17.87,8.99,-8.0,20
101.9,599.4499846227302,507.6427477362225,266.1550185132885,1.28,0.47,2100,2100,2100,2100,17.87,8.99,-8.0,20
102.0,601.2366959578494,508.5414482452668,265.3550185132885,1.28,0.47,2100,2100,2100,2100,17.87,8.99,-8.0,20
102.1,603.0234072929686,509.44014875431105,264.5550185132885,1.29,0.47,2100,2100,2100,2100,17.87,8.99,-8.0,20
102.2,604.8101186280878,510.3388492633553,263.75501851328846,1.3,0.47,2100,2100,2100,2100,17.87,8.99,-8.0,20
102.3,606.596829963207,511.23754977239963,262.95501851328845,1.3,0.47,2100,2100,2100,2100,17.87,8.99,-8.0,20
102.4,608.3835412983262,512.136250281444,262.15501851328844,1.31,0.47,2100,2100,2100,2100,17.87,8.99,-8.0,20
102.5,610.1702526334454,513.0349507904882,261.3550185132884,1.32,0.47,2100,2100,2100,2100,17.87,8.99,-8.0,20
102.6,611.9569639685647,513.9336512995325,260.5550185132884,1.32,0.47,2100,2100,2100,2100,17.87,8.99,-8.0,20
102.7,613.7436753036839,514.8323518085767,259.7550185132884,1.33,0.47,2100,2100,2100,2100,17.87,8.99,-8.0,20
102.8,615.5303866388031,515.731052317621,258.9550185132884,1.34,0.47,2100,2100,2100,2100,17.87,8.99,-8.0,20
102.9,617.3170979739223,516.6297528266653,258.1550185132884,1.34,0.47,2100,2100,2100,2100,17.87,8.99,-8.0,20
103.0,619.1038093090415,517.5284533357095,257.35501851328837,1.35,0.47,2100,2100,2100,2100,17.87,8.99,-8.0,20
103.1,620.8905206441607,518.4271538447538,256.55501851328836,1.36,0.47,2100,2100,2100,2100,17.87,8.99,-8.0,20
103.2,622.6772319792799,519.325854353798,255.75501851328835,1.36,0.47,2100,2100,2100,2100,17.87,8.99,-8.0,20
103.3,624.4639433143991,520.2245548628423,254.95501851328834,1.37,0.47,2100,2100,2100,2100,17.87,8.99,-8.0,20
103.4,626.2506546495183,521.1232553718866,254.15501851328833,1.38,0.47,2100,2100,2100,2100,17.87,8.99,-8.0,20
103.5,628.0373659846375,522.0219558809308,253.35501851328831,1.39,0.47,2100,2100,2100,2100,17.87,8.99,-8.0,20
103.6,629.8240773197567,522.9206563899751,252.5550185132883,1.39,0.47,2100,2100,2100,2100,17.87,8.99,-8.0,20
103.7,631.6107886548759,523.8193568990193,251.7550185132883,1.4,0.47,2100,2100,2100,2100,17.87,8.99,-8.0,20
103.8,633.3974999899951,524.7180574080636,250.95501851328828,1.41,0.47,2100,2100,2100,2100,17.87,8.99,-8.0,20
103.9,635.1842113251143,525.6167579171079,250.15501851328827,1.42,0.47,2100,2100,2100,2100,17.87,8.99,-8.0,20
104.0,636.9709226602336,526.5154584261521,249.35501851328826,1.43,0.47,2100,2100,2100,2100,17.87,8.99,-8.0,20
104.1,638.7576339953528,527.4141589351964,248.55501851328825,1.43,0.47,2100,2100,2100,2100,17.87,8.99,-8.0,20
104.2,640.544345330472,528.3128594442406,247.75501851328823,1.44,0.47,2100,2100,2100,2100,17.87,8.99,-8.0,20
104.3,642.3310566655912,529.2115599532849,246.95501851328822,1.45,0.47,2100,2100,2100,2100,17.87,8.99,-8.0,20
104.4,644.1177680007104,530.1102604623292,246.1550185132882,1.46,0.47,2100,2100,2100,2100,17.87,8.99,-8.0,20
104.5,645.9044793358296,531.0089609713734,245.3550185132882,1.47,0.47,2100,2100,2100,2100,17.87,8.99,-8.0,20
104.6,647.6911906709488,531.9076614804177,244.5550185132882,1.47,0.47,2100,2100,2100,2100,17.87,8.99,-8.0,20
104.7,649.477902006068,532.806361989462,243.75501851328818,1.48,0.47,2100,2100,2100,2100,17.87,8.99,-8.0,20
104.8,651.2646133411872,533.7050624985063,242.95501851328817,1.49,0.47,2100,2100,2100,2100,17.87,8.99,-8.0,20
104.9,653.0513246763064,534.6037630075506,242.15501851328816,1.5,0.47,2100,2100,2100,2100,17.87,8.99,-8.0,20
105.0,654.7898431325357,535.4782229109977,241.35501851328814,1.51,0.47,2100,2100,2100,2100,17.39,8.74,-8.0,20
105.1,656.2965591279343,536.2360881606519,240.55501851328813,1.52,0.47,2100,2100,2100,2100,15.07,7.58,-8.0,20
105.2,657.6023796572798,536.8929047103521,239.75501851328812,1.52,0.47,2100,2100,2100,2100,13.06,6.57,-8.0,20
105.3,658.7340907827127,537.4621457200924,238.9550185132881,1.53,0.47,2100,2100,2100,2100,11.32,5.69,-8.0,20
105.4,659.7149070914211,537.9554879285339,238.1550185132881,1.53,0.47,2100,2100,2100,2100,9.81,4.93,-8.0,20
105.5,660.5649478923017,538.3830511758499,237.3550185132881,1.54,0.47,2100,2100,2100,2100,8.5,4.28,-8.0,20
105.6,661.3016499197315,538.7536059901904,236.55501851328808,1.54,0.47,2100,2100,2100,2100,7.37,3.71,-8.0,20
105.7,661.9401250101707,539.0747534959522,235.75501851328806,1.55,0.47,2100,2100,2100,2100,6.38,3.21,-8.0,20
105.8,662.4934700885514,539.3530813342791,234.95501851328805,1.55,0.47,2100,2100,2100,2100,5.53,2.78,-8.0,20
105.9,662.9730358231479,539.5942987941623,234.15501851328804,1.55,0.47,2100,2100,2100,2100,4.8,2.41,-8.0,20
106.0,663.3886594597983,539.8033539260612,233.35501851328803,1.55,0.47,2100,2100,2100,2100,4.16,2.09,-8.0,20
106.1,663.748866611562,539.9845350403735,232.55501851328802,1.56,0.47,2100,2100,2100,2100,3.6,1.81,-8.0,20
106.2,664.0610461430905,540.1415586727776,231.755018513288,1.56,0.47,2100,2100,2100,2100,3.12,1.57,-8.0,20
106.3,664.3316017370819,540.277645820861,230.955018513288,1.56,0.47,2100,2100,2100,2100,2.71,1.36,-8.0,20
106.4,664.5660832518744,540.3955880158667,230.15501851328798,1.56,0.47,2100,2100,2100,2100,2.34,1.18,-8.0,20
106.5,664.7693005646945,540.4978045848716,229.35501851328797,1.56,0.47,2100,2100,2100,2100,2.03,1.02,-8.0,20
106.6,664.9454222358054,540.5863922780092,228.55501851328796,1.56,0.47,2100,2100,2100,2100,1.76,0.89,-8.0,20
106.7,665.0980610174348,540.6631682787284,227.75501851328795,1.56,0.47,2100,2100,2100,2100,1.53,0.77,-8.0,20
106.8,665.2303479615136,540.7297074793519,226.95501851328794,1.57,0.47,2100,2100,2100,2100,1.32,0.67,-8.0,20
106.9,665.3449966463819,540.7873747865588,226.15501851328793,1.57,0.47,2100,2100,2100,2100,1.15,0.58,-8.0,20
107.0,665.4443588399345,540.8373531194715,225.35501851328792,1.57,0.47,2100,2100,2100,2100,0.99,0.5,-8.0,20
107.1,665.5304727410133,540.8806676746624,224.5550185132879,1.57,0.47,2100,2100,2100,2100,0.86,0.43,-8.0,20
107.2,665.605104788615,540.9182069558279,223.7550185132879,1.57,0.47,2100,2100,2100,2100,0.75,0.38,-8.0,20
107.3,665.6697858965364,540.9507409995047,222.95501851328788,1.57,0.47,2100,2100,2100,2100,0.65,0.33,-8.0,20
107.4,665.725842856735,540.9789371706912,222.15501851328787,1.57,0.47,2100,2100,2100,2100,0.56,0.28,-8.0,20
107.5,665.7744255555738,541.0033738523862,221.35501851328786,1.57,0.47,2100,2100,2100,2100,0.49,0.24,-8.0,20
107.6,665.816530561234,541.0245523098552,220.55501851328785,1.57,0.47,2100,2100,2100,2100,0.42,0.21,-8.0,20
107.7,665.8530215661395,541.042906972995,219.75501851328784,1.57,0.47,2100,2100,2100,2100,0.36,0.18,-8.0,20
107.8,665.8846471037243,541.0588143477162,218.95501851328783,1.57,0.47,2100,2100,2100,2100,0.32,0.16,-8.0,20
107.9,665.9120559029645,541.0726007391412,218.1550185132878,1.57,0.47,2100,2100,2100,2100,0.27,0.14,-8.0,20
108.0,665.9358101956394,541.0845489450429,217.3550185132878,1.57,0.47,2100,2100,2100,2100,0.24,0.12,-8.0,20
108.1,665.956397249291,541.0949040568244,216.5550185132878,1.57,0.47,2100,2100,2100,2100,0.21,0.1,-8.0,20
108.2,665.9742393624556,541.103878487035,215.75501851328778,1.57,0.47,2100,2100,2100,2100,0.18,0.09,-8.0,20
108.3,665.9897025271982,541.1116563265508,214.95501851328777,1.57,0.47,2100,2100,2100,2100,0.15,0.08,-8.0,20
108.4,666.0031039366419,541.1183971207979,214.15501851328776,1.57,0.47,2100,2100,2100,2100,0.13,0.07,-8.0,20
108.5,666.0147184914931,541.1242391424787,213.35501851328775,1.57,0.47,2100,2100,2100,2100,0.12,0.06,-8.0,20
108.6,666.0247844390308,541.1293022279353,212.55501851328773,1.57,0.47,2100,2100,2100,2100,0.1,0.05,-8.0,20
108.7,666.0335082602301,541.1336902353311,211.75501851328772,1.57,0.47,2100,2100,2100,2100,0.09,0.04,-8.0,20
108.8,666.0410689052695,541.137493175074,210.9550185132877,1.57,0.47,2100,2100,2100,2100,0.08,0.04,-8.0,20
108.9,666.0476214643037,541.1407890561846,210.1550185132877,1.57,0.47,2100,2100,2100,2100,0.07,0.03,-8.0,20
109.0,666.0533003488,541.1436454864805,209.3550185132877,1.57,0.47,2100,2100,2100,2100,0.06,0.03,-8.0,20
109.1,666.0582220486967,541.1461210594036,208.55501851328768,1.57,0.47,2100,2100,2100,2100,0.05,0.02,-8.0,20
109.2,666.0624875219406,541.148266555937,207.75501851328767,1.57,0.47,2100,2100,2100,2100,0.04,0.02,-8.0,20
109.3,666.0661842654187,541.1501259862658,206.95501851328765,1.57,0.47,2100,2100,2100,2100,0.04,0.02,-8.0,20
109.4,666.0693881097662,541.1517374925509,206.15501851328764,1.57,0.47,2100,2100,2100,2100,0.03,0.02,-8.0,20
109.5,666.0721647748675,541.1531341313313,205.35501851328763,1.57,0.47,2100,2100,2100,2100,0.03,0.01,-8.0,20
109.6,666.0745712179553,541.1543445516077,204.55501851328762,1.57,0.47,2100,2100,2100,2100,0.02,0.01,-8.0,20
109.7,666.0766568019646,541.1553935825139,203.7550185132876,1.57,0.47,2100,2100,2100,2100,0.02,0.01,-8.0,20
109.8,666.0784643081062,541.1563027426325,202.9550185132876,1.57,0.47,2100,2100,2100,2100,0.02,0.01,-8.0,20
109.9,666.0800308134287,541.157090681402,202.1550185132876,1.57,0.47,2100,2100,2100,2100,0.02,0.01,-8.0,20
110.0,666.081388451375,541.1577735616689,201.35501851328758,1.57,0.47,2100,2100,2100,2100,0.01,0.01,-8.0,20
110.1,666.0825650709285,541.1583653912336,200.55501851328756,1.57,0.47,2100,2100,2100,2100,0.01,0.01,-8.0,20
110.2,666.0835848078748,541.1588783101896,199.75501851328755,1.57,0.47,2100,2100,2100,2100,0.01,0.01,-8.0,20
110.3,666.0844685798949,541.1593228399515,198.95501851328754,1.57,0.47,2100,2100,2100,2100,0.01,0.0,-8.0,20
110.4,666.0852345156457,541.1597080990784,198.15501851328753,1.57,0.47,2100,2100,2100,2100,0.01,0.0,-8.0,20
110.5,666.0858983266297,541.1600419903218,197.35501851328752,1.57,0.47,2100,2100,2100,2100,0.01,0.0,-8.0,20
110.6,666.0864736294825,541.1603313627328,196.5550185132875,1.57,0.47,2100,2100,2100,2100,0.01,0.0,-8.0,20
110.7,666.0869722252883,541.1605821521556,195.7550185132875,1.57,0.47,2100,2100,2100,2100,0.0,0.0,-8.0,20
110.8,666.0874043416533,541.1607995029887,194.95501851328748,1.57,0.47,2100,2100,2100,2100,0.0,0.0,-8.0,20
110.9,666.087778842503,541.1609878737106,194.15501851328747,1.57,0.47,2100,2100,2100,2100,0.0,0.0,-8.0,20
111.0,666.088103409906,541.1611511283363,193.35501851328746,1.57,0.47,2100,2100,2100,2100,0.0,0.0,-8.0,20
111.1,666.0883847016553,541.1612926156787,192.55501851328745,1.57,0.47,2100,2100,2100,2100,0.0,0.0,-8.0,20
111.2,666.088628487838,541.1614152380421,191.75501851328744,1.57,0.47,2100,2100,2100,2100,0.0,0.0,-8.0,20
111.3,666.0888397691964,541.161521510757,190.95501851328743,1.57,0.47,2100,2100,2100,2100,0.0,0.0,-8.0,20
111.4,666.0890228797069,541.1616136137766,190.15501851328742,1.57,0.47,2100,2100,2100,2100,0.0,0.0,-8.0,20
111.5,666.0891815754828,541.1616934363935,189.3550185132874,1.57,0.47,2100,2100,2100,2100,0.0,0.0,-8.0,20
111.6,666.0893191118219,541.1617626159949,188.5550185132874,1.57,0.47,2100,2100,2100,2100,0.0,0.0,-8.0,20
111.7,666.0894383099824,541.1618225716494,187.75501851328738,1.57,0.47,2100,2100,2100,2100,0.0,0.0,-8.0,20
111.8,666.0895416150548,541.1618745332166,186.95501851328737,1.57,0.47,2100,2100,2100,2100,0.0,0.0,-8.0,20
111.9,666.0896311461177,541.161919566575,186.15501851328736,1.57,0.47,2100,2100,2100,2100,0.0,0.0,-8.0,20
112.0,666.0897087397054,541.1619585954854,185.35501851328735,1.57,0.47,2100,2100,2100,2100,0.0,0.0,-8.0,20
112.1,666.0897759874815,541.1619924205412,184.55501851328734,1.57,0.47,2100,2100,2100,2100,0.0,0.0,-8.0,20
112.2,666.0898342688874,541.1620217355895,183.75501851328733,1.57,0.47,2100,2100,2100,2100,0.0,0.0,-8.0,20
112.3,666.0898847794392,541.1620471419648,182.9550185132873,1.57,0.47,2100,2100,2100,2100,0.0,0.0,-8.0,20
112.4,666.0899285552507,541.1620691608233,182.1550185132873,1.57,0.47,2100,2100,2100,2100,0.0,0.0,-8.0,20
112.5,666.0899664942874,541.162088243834,181.3550185132873,1.57,0.47,2100,2100,2100,2100,0.0,0.0,-8.0,20
112.6,666.0899993747859,541.1621047824433,180.55501851328728,1.57,0.47,2100,2100,2100,2100,0.0,0.0,-8.0,20
112.7,666.0900278712179,541.1621191159047,179.75501851328727,1.57,0.47,2100,2100,2100,2100,0.0,0.0,-8.0,20
112.8,666.0900525681257,541.1621315382379,178.95501851328726,1.57,0.47,2100,2100,2100,2100,0.0,0.0,-8.0,20
112.9,666.0900739721124,541.16214230426,178.15501851328725,1.57,0.47,2100,2100,2100,2100,0.0,0.0,-8.0,20
113.0,666.0900925222342,541.1621516348125,177.35501851328723,1.57,0.47,2100,2100,2100,2100,0.0,0.0,-8.0,20
113.1,666.0901085990064,541.1621597212913,176.55501851328722,1.57,0.47,2100,2100,2100,2100,0.0,0.0,-8.0,20
113.2,666.090122532209,541.162166729573,175.7550185132872,1.57,0.47,2100,2100,2100,2100,0.0,0.0,-8.0,20
113.3,666.0901346076512,541.1621728034171,174.9550185132872,1.57,0.47,2100,2100,2100,2100,0.0,0.0,-8.0,20
113.4,666.0901450730345,541.1621780674153,174.1550185132872,1.57,0.47,2100,2100,2100,2100,0.0,0.0,-8.0,20
113.5,666.0901541430333,541.1621826295471,173.35501851328718,1.57,0.47,2100,2100,2100,2100,0.0,0.0,-8.0,20
113.6,666.0901620036989,541.1621865833947,172.55501851328717,1.57,0.47,2100,2100,2100,2100,0.0,0.0,-8.0,20
113.7,666.0901688162758,541.1621900100625,171.75501851328715,1.57,0.47,2100,2100,2100,2100,0.0,0.0,-8.0,20
113.8,666.0901747205091,541.1621929798414,170.95501851328714,1.57,0.47,2100,2100,2100,2100,0.0,0.0,-8.0,20
113.9,666.0901798375113,541.1621955536497,170.15501851328713,1.57,0.47,2100,2100,2100,2100,0.0,0.0,-8.0,20
114.0,666.0901842722466,541.1621977842835,169.35501851328712,1.57,0.47,2100,2100,2100,2100,0.0,0.0,-8.0,20
114.1,666.0901881156838,541.1621997174996,168.5550185132871,1.57,0.47,2100,2100,2100,2100,0.0,0.0,-8.0,20
114.2,666.0901914466627,541.1622013929534,167.7550185132871,1.57,0.47,2100,2100,2100,2100,0.0,0.0,-8.0,20
114.3,666.0901943335111,541.1622028450134,166.9550185132871,1.57,0.47,2100,2100,2100,2100,0.0,0.0,-8.0,20
114.4,666.0901968354464,541.1622041034655,166.15501851328708,1.57,0.47,2100,2100,2100,2100,0.0,0.0,-8.0,20
114.5,666.0901990037903,541.1622051941239,165.35501851328706,1.57,0.47,2100,2100,2100,2100,0.0,0.0,-8.0,20
114.6,666.0902008830217,541.1622061393612,164.55501851328705,1.57,0.47,2100,2100,2100,2100,0.0,0.0,-8.0,20
114.7,666.0902025116889,541.1622069585668,163.75501851328704,1.57,0.47,2100,2100,2100,2100,0.0,0.0,-8.0,20
114.8,666.0902039232004,541.1622076685451,162.95501851328703,1.57,0.47,2100,2100,2100,2100,0.0,0.0,-8.0,20
114.9,666.0902051465105,541.1622082838595,162.15501851328702,1.57,0.47,2100,2100,2100,2100,0.0,0.0,-8.0,20
115.0,666.0902062067125,541.1622088171321,161.355018513287,1.57,0.47,2100,2100,2100,2100,0.0,0.0,-8.0,20
115.1,666.0902071255543,541.1622092793016,160.555018513287,1.57,0.47,2100,2100,2100,2100,0.0,0.0,-8.0,20
115.2,666.0902079218839,541.1622096798485,159.75501851328698,1.57,0.47,2100,2100,2100,2100,0.0,0.0,-8.0,20
115.3,666.0902086120361,541.1622100269892,158.95501851328697,1.57,0.47,2100,2100,2100,2100,0.0,0.0,-8.0,20
115.4,666.090209210168,541.1622103278445,158.15501851328696,1.57,0.47,2100,2100,2100,2100,0.0,0.0,-8.0,20
115.5,666.0902097285491,541.1622105885857,157.35501851328695,1.57,0.47,2100,2100,2100,2100,0.0,0.0,-8.0,20
115.6,666.0902101778127,541.1622108145615,156.55501851328694,1.57,0.47,2100,2100,2100,2100,0.0,0.0,-8.0,20
115.7,666.0902105671744,541.1622110104071,155.75501851328693,1.57,0.47,2100,2100,2100,2100,0.0,0.0,-8.0,20
115.8,666.0902109046212,541.1622111801399,154.95501851328692,1.57,0.47,2100,2100,2100,2100,0.0,0.0,-8.0,20
115.9,666.0902111970752,541.1622113272417,154.1550185132869,1.57,0.47,2100,2100,2100,2100,0.0,0.0,-8.0,20
116.0,666.0902114505352,541.16221145473,153.3550185132869,1.57,0.47,2100,2100,2100,2100,0.0,0.0,-8.0,20
116.1,666.0902116702006,541.1622115652199,152.55501851328688,1.57,0.47,2100,2100,2100,2100,0.0,0.0,-8.0,20
116.2,666.0902118605773,541.1622116609777,151.75501851328687,1.57,0.47,2100,2100,2100,2100,0.0,0.0,-8.0,20
116.3,666.0902120255704,541.1622117439679,150.95501851328686,1.57,0.47,2100,2100,2100,2100,0.0,0.0,-8.0,20
116.4,666.0902121685644,541.1622118158926,150.15501851328685,1.57,0.47,2100,2100,2100,2100,0.0,0.0,-8.0,20
116.5,666.0902122924927,541.1622118782275,149.35501851328684,1.57,0.47,2100,2100,2100,2100,0.0,0.0,-8.0,20
116.6,666.090212399897,541.162211932251,148.55501851328683,1.57,0.47,2100,2100,2100,2100,0.0,0.0,-8.0,20
116.7,666.0902124929809,541.1622119790713,147.7550185132868,1.57,0.47,2100,2100,2100,2100,0.0,0.0,-8.0,20
116.8,666.0902125736535,541.162212019649,146.9550185132868,1.57,0.47,2100,2100,2100,2100,0.0,0.0,-8.0,20
116.9,666.0902126435698,541.1622120548163,146.1550185132868,1.57,0.47,2100,2100,2100,2100,0.0,0.0,-8.0,20
117.0,666.090212704164,541.1622120852946,145.35501851328678,1.57,0.47,2100,2100,2100,2100,0.0,0.0,-8.0,20
117.1,666.0902127566789,541.1622121117092,144.55501851328677,1.57,0.47,2100,2100,2100,2100,0.0,0.0,-8.0,20
117.2,666.0902128021918,541.1622121346018,143.75501851328676,1.57,0.47,2100,2100,2100,2100,0.0,0.0,-8.0,20
117.3,666.0902128416363,541.162212154442,142.95501851328675,1.57,0.47,2100,2100,2100,2100,0.0,0.0,-8.0,20
117.4,666.0902128758216,541.162212171637,142.15501851328673,1.57,0.47,2100,2100,2100,2100,0.0,0.0,-8.0,20
117.5,666.0902129054489,541.1622121865391,141.35501851328672,1.57,0.47,2100,2100,2100,2100,0.0,0.0,-8.0,20
117.6,666.0902129311258,541.1622121994544,140.5550185132867,1.57,0.47,2100,2100,2100,2100,0.0,0.0,-8.0,20
117.7,666.0902129533791,541.1622122106477,139.7550185132867,1.57,0.47,2100,2100,2100,2100,0.0,0.0,-8.0,20
117.8,666.0902129726653,541.1622122203485,138.9550185132867,1.57,0.47,2100,2100,2100,2100,0.0,0.0,-8.0,20
117.9,666.09021298938,541.1622122287558,138.15501851328668,1.57,0.47,2100,2100,2100,2100,0.0,0.0,-8.0,20
118.0,666.0902130038661,541.1622122360423,137.35501851328667,1.57,0.47,2100,2100,2100,2100,0.0,0.0,-8.0,20
118.1,666.0902130164208,541.1622122423571,136.55501851328665,1.57,0.47,2100,2100,2100,2100,0.0,0.0,-8.0,20
118.2,666.0902130273014,541.16221224783,135.75501851328664,1.57,0.47,2100,2100,2100,2100,0.0,0.0,-8.0,20
118.3,666.0902130367313,541.1622122525731,134.95501851328663,1.57,0.47,2100,2100,2100,2100,0.0,0.0,-8.0,20
118.4,666.0902130449039,541.1622122566839,134.15501851328662,1.57,0.47,2100,2100,2100,2100,0.0,0.0,-8.0,20
118.5,666.0902130519868,541.1622122602465,133.3550185132866,1.57,0.47,2100,2100,2100,2100,0.0,0.0,-8.0,20
118.6,666.0902130581253,541.1622122633341,132.5550185132866,1.57,0.47,2100,2100,2100,2100,0.0,0.0,-8.0,20
118.7,666.0902130634454,541.1622122660101,131.7550185132866,1.57,0.47,2100,2100,2100,2100,0.0,0.0,-8.0,20
118.8,666.0902130680561,541.1622122683292,130.95501851328657,1.57,0.47,2100,2100,2100,2100,0.0,0.0,-8.0,20
118.9,666.090213072052,541.1622122703392,130.15501851328656,1.57,0.47,2100,2100,2100,2100,0.0,0.0,-8.0,20
119.0,666.0902130755152,541.1622122720811,129.35501851328655,1.57,0.47,2100,2100,2100,2100,0.0,0.0,-8.0,20
119.1,666.0902130785166,541.1622122735907,128.55501851328654,1.57,0.47,2100,2100,2100,2100,0.0,0.0,-8.0,20
119.2,666.0902130811179,541.1622122748992,127.75501851328654,1.57,0.47,2100,2100,2100,2100,0.0,0.0,-8.0,20
119.3,666.0902130833723,541.1622122760331,126.95501851328655,1.57,0.47,2100,2100,2100,2100,0.0,0.0,-8.0,20
119.4,666.0902130853261,541.1622122770158,126.15501851328655,1.57,0.47,2100,2100,2100,2100,0.0,0.0,-8.0,20
119.5,666.0902130870194,541.1622122778675,125.35501851328655,1.57,0.47,2100,2100,2100,2100,0.0,0.0,-8.0,20
119.6,666.0902130884868,541.1622122786057,124.55501851328656,1.57,0.47,2100,2100,2100,2100,0.0,0.0,-8.0,20
119.7,666.0902130897587,541.1622122792454,123.75501851328656,1.57,0.47,2100,2100,2100,2100,0.0,0.0,-8.0,20
119.8,666.090213090861,541.1622122797999,122.95501851328656,1.57,0.47,2100,2100,2100,2100,0.0,0.0,-8.0,20
119.9,666.0902130918163,541.1622122802804,122.15501851328656,1.57,0.47,2100,2100,2100,2100,0.0,0.0,-8.0,20
120.0,666.0902130926443,541.1622122806968,121.35501851328657,1.57,0.47,2100,2100,2100,2100,0.0,0.0,-8.0,20
120.1,666.0902130933617,541.1622122810578,120.55501851328657,1.57,0.47,2100,2100,2100,2100,0.0,0.0,-8.0,20
120.2,666.0902130939836,541.1622122813706,119.75501851328657,1.57,0.47,2100,2100,2100,2100,0.0,0.0,-8.0,20
120.3,666.0902130945226,541.1622122816417,118.95501851328657,1.57,0.47,2100,2100,2100,2100,0.0,0.0,-8.0,20
120.4,666.0902130949897,541.1622122818767,118.15501851328658,1.57,0.47,2100,2100,2100,2100,0.0,0.0,-8.0,20
120.5,666.0902130953946,541.1622122820803,117.35501851328658,1.57,0.47,2100,2100,2100,2100,0.0,0.0,-8.0,20
120.6,666.0902130957454,541.1622122822567,116.55501851328658,1.57,0.47,2100,2100,2100,2100,0.0,0.0,-8.0,20
120.7,666.0902130960494,541.1622122824097,115.75501851328659,1.57,0.47,2100,2100,2100,2100,0.0,0.0,-8.0,20
120.8,666.0902130963129,541.1622122825422,114.95501851328659,1.57,0.47,2100,2100,2100,2100,0.0,0.0,-8.0,20
120.9,666.0902130965413,541.162212282657,114.15501851328659,1.57,0.47,2100,2100,2100,2100,0.0,0.0,-8.0,20
121.0,666.0902130967393,541.1622122827566,113.3550185132866,1.57,0.47,2100,2100,2100,2100,0.0,0.0,-8.0,20
121.1,666.0902130969108,541.1622122828429,112.5550185132866,1.57,0.47,2100,2100,2100,2100,0.0,0.0,-8.0,20
121.2,666.0902130970595,541.1622122829177,111.7550185132866,1.57,0.47,2100,2100,2100,2100,0.0,0.0,-8.0,20
121.3,666.0902130971883,541.1622122829825,110.9550185132866,1.57,0.47,2100,2100,2100,2100,0.0,0.0,-8.0,20
121.4,666.0902130973,541.1622122830387,110.1550185132866,1.57,0.47,2100,2100,2100,2100,0.0,0.0,-8.0,20
121.5,666.0902130973967,541.1622122830873,109.35501851328661,1.57,0.47,2100,2100,2100,2100,0.0,0.0,-8.0,20
121.6,666.0902130974806,541.1622122831295,108.55501851328661,1.57,0.47,2100,2100,2100,2100,0.0,0.0,-8.0,20
121.7,666.0902130975533,541.1622122831661,107.75501851328661,1.57,0.47,2100,2100,2100,2100,0.0,0.0,-8.0,20
121.8,666.0902130976162,541.1622122831978,106.95501851328662,1.57,0.47,2100,2100,2100,2100,0.0,0.0,-8.0,20
121.9,666.0902130976708,541.1622122832252,106.15501851328662,1.57,0.47,2100,2100,2100,2100,0.0,0.0,-8.0,20
122.0,666.0902130977181,541.162212283249,105.35501851328662,1.57,0.47,2100,2100,2100,2100,0.0,0.0,-8.0,20
122.1,666.0902130977591,541.1622122832696,104.55501851328663,1.57,0.47,2100,2100,2100,2100,0.0,0.0,-8.0,20
122.2,666.0902130977947,541.1622122832874,103.75501851328663,1.57,0.47,2100,2100,2100,2100,0.0,0.0,-8.0,20
122.3,666.0902130978255,541.1622122833029,102.95501851328663,1.57,0.47,2100,2100,2100,2100,0.0,0.0,-8.0,20
122.4,666.0902130978523,541.1622122833163,102.15501851328663,1.57,0.47,2100,2100,2100,2100,0.0,0.0,-8.0,20
122.5,666.0902130978753,541.162212283328,101.35501851328664,1.57,0.47,2100,2100,2100,2100,0.0,0.0,-8.0,20
122.6,666.0902130978953,541.1622122833381,100.55501851328664,1.57,0.47,2100,2100,2100,2100,0.0,0.0,-8.0,20
122.7,666.0902130979127,541.1622122833469,99.75501851328664,1.57,0.47,2100,2100,2100,2100,0.0,0.0,-8.0,20
122.8,666.0902130979279,541.1622122833545,98.95501851328665,1.57,0.47,2100,2100,2100,2100,0.0,0.0,-8.0,20
122.9,666.0902130979409,541.1622122833611,98.15501851328665,1.57,0.47,2100,2100,2100,2100,0.0,0.0,-8.0,20
123.0,666.0902130979522,541.1622122833668,97.35501851328665,1.57,0.47,2100,2100,2100,2100,0.0,0.0,-8.0,20
123.1,666.090213097962,541.1622122833717,96.55501851328665,1.57,0.47,2100,2100,2100,2100,0.0,0.0,-8.0,20
123.2,666.0902130979705,541.162212283376,95.75501851328666,1.57,0.47,2100,2100,2100,2100,0.0,0.0,-8.0,20
123.3,666.0902130979779,541.1622122833797,94.95501851328666,1.57,0.47,2100,2100,2100,2100,0.0,0.0,-8.0,20
123.4,666.0902130979842,541.1622122833829,94.15501851328666,1.57,0.46,2100,2100,2100,2100,0.0,0.0,-8.0,20
123.5,666.0902130979898,541.1622122833857,93.35501851328667,1.57,0.46,2100,2100,2100,2100,0.0,0.0,-8.0,20
123.6,666.0902130979946,541.162212283388,92.55501851328667,1.57,0.47,2100,2100,2100,2100,0.0,0.0,-8.0,20
123.7,666.0902130979988,541.1622122833901,91.75501851328667,1.57,0.47,2100,2100,2100,2100,0.0,0.0,-8.0,20
123.8,666.0902130980024,541.1622122833919,90.95501851328667,1.57,0.47,2100,2100,2100,2100,0.0,0.0,-8.0,20
123.9,666.0902130980055,541.1622122833935,90.15501851328668,1.57,0.47,2100,2100,2100,2100,0.0,0.0,-8.0,20
124.0,666.0902130980082,541.1622122833949,89.35501851328668,1.57,0.47,2100,2100,2100,2100,0.0,0.0,-8.0,20
124.1,666.0902130980106,541.162212283396,88.55501851328668,1.57,0.47,2100,2100,2100,2100,0.0,0.0,-8.0,20
124.2,666.0902130980127,541.162212283397,87.75501851328669,1.57,0.47,2100,2100,2100,2100,0.0,0.0,-8.0,20
124.3,666.0902130980144,541.1622122833979,86.95501851328669,1.57,0.47,2100,2100,2100,2100,0.0,0.0,-8.0,20
124.4,666.0902130980159,541.1622122833987,86.15501851328669,1.57,0.47,2100,2100,2100,2100,0.0,0.0,-8.0,20
124.5,666.0902130980172,541.1622122833994,85.3550185132867,1.57,0.47,2100,2100,2100,2100,0.0,0.0,-8.0,20
124.6,666.0902130980184,541.1622122834,84.5550185132867,1.57,0.47,2100,2100,2100,2100,0.0,0.0,-8.0,20
124.7,666.0902130980194,541.1622122834004,83.7550185132867,1.57,0.47,2100,2100,2100,2100,0.0,0.0,-8.0,20
124.8,666.0902130980202,541.1622122834009,82.9550185132867,1.57,0.48,2100,2100,2100,2100,0.0,0.0,-8.0,20
124.9,666.090213098021,541.1622122834012,82.1550185132867,1.57,0.47,2100,2100,2100,2100,0.0,0.0,-8.0,20
125.0,666.0902130980216,541.1622122834016,81.35501851328671,1.57,0.48,2100,2100,2100,2100,0.0,0.0,-8.0,20
125.1,666.0902130980222,541.1622122834019,80.55501851328671,1.57,0.49,2100,2100,2100,2100,0.0,0.0,-8.0,20
125.2,666.0902130980227,541.1622122834021,79.75501851328671,1.57,0.48,2100,2100,2100,2100,0.0,0.0,-8.0,20
125.3,666.0902130980231,541.1622122834024,78.95501851328672,1.57,0.48,2100,2100,2100,2100,0.0,0.0,-8.0,20
125.4,666.0902130980235,541.1622122834026,78.15501851328672,1.57,0.48,2100,2100,2100,2100,0.0,0.0,-8.0,20
125.5,666.0902130980238,541.1622122834027,77.35501851328672,1.57,0.46,2100,2100,2100,2100,0.0,0.0,-8.0,20
125.6,666.090213098024,541.1622122834028,76.55501851328673,1.57,0.49,2100,2100,2100,2100,0.0,0.0,-8.0,20
125.7,666.0902130980243,541.1622122834029,75.75501851328673,1.57,0.49,2100,2100,2100,2100,0.0,0.0,-8.0,20
125.8,666.0902130980245,541.162212283403,74.95501851328673,1.57,0.49,2100,2100,2100,2100,0.0,0.0,-8.0,20
125.9,666.0902130980246,541.1622122834032,74.15501851328673,1.57,0.5,2100,2100,2100,2100,0.0,0.0,-8.0,20
126.0,666.0902130980247,541.1622122834033,73.35501851328674,1.57,0.46,2100,2100,2100,2100,0.0,0.0,-8.0,20
126.1,666.0902130980248,541.1622122834034,72.55501851328674,1.57,0.42,2100,2100,2100,2100,0.0,0.0,-8.0,20
126.2,666.090213098025,541.1622122834034,71.75501851328674,1.57,0.36,2100,2100,2100,2100,0.0,0.0,-8.0,20
126.3,666.0902130980251,541.1622122834034,70.95501851328675,1.57,0.4,2100,2100,2100,2100,0.0,0.0,-8.0,20
126.4,666.0902130980252,541.1622122834034,70.15501851328675,1.57,0.46,2100,2100,2100,2100,0.0,0.0,-8.0,20
126.5,666.0902130980253,541.1622122834034,69.35501851328675,1.57,0.54,2100,2100,2100,2100,0.0,0.0,-8.0,20
126.6,666.0902130980254,541.1622122834034,68.55501851328675,1.57,0.64,2100,2100,2100,2100,0.0,0.0,-8.0,20
126.7,666.0902130980254,541.1622122834034,67.75501851328676,1.57,0.79,2100,2100,2100,2100,0.0,0.0,-8.0,20
126.8,666.0902130980254,541.1622122834034,66.95501851328676,1.57,0.79,2100,2100,2100,2100,0.0,0.0,-8.0,20
126.9,666.0902130980254,541.1622122834034,66.15501851328676,1.57,0.79,2100,2100,2100,2100,0.0,0.0,-8.0,20
127.0,666.0902130980254,541.1622122834034,65.35501851328677,1.57,0.79,2100,2100,2100,2100,0.0,0.0,-8.0,20
127.1,666.0902130980254,541.1622122834034,64.55501851328677,1.57,0.79,2100,2100,2100,2100,0.0,0.0,-8.0,20
127.2,666.0902130980254,541.1622122834034,63.75501851328677,1.57,0.79,2100,2100,2100,2100,0.0,0.0,-8.0,20
127.3,666.0902130980254,541.1622122834034,62.955018513286774,1.57,0.79,2100,2100,2100,2100,0.0,0.0,-8.0,20
127.4,666.0902130980254,541.1622122834034,62.15501851328678,1.57,0.79,2100,2100,2100,2100,0.0,0.0,-8.0,20
127.5,666.0902130980254,541.1622122834034,61.35501851328678,1.57,0.79,2100,2100,2100,2100,0.0,0.0,-8.0,20
127.6,666.0902130980254,541.1622122834034,60.55501851328678,1.57,0.79,2100,2100,2100,2100,0.0,0.0,-8.0,20
127.7,666.0902130980254,541.1622122834034,59.755018513286785,1.57,0.79,2100,2100,2100,2100,0.0,0.0,-8.0,20
127.8,666.0902130980254,541.1622122834034,58.95501851328679,1.57,0.79,2100,2100,2100,2100,0.0,0.0,-8.0,20
127.9,666.0902130980254,541.1622122834034,58.15501851328679,1.57,0.79,2100,2100,2100,2100,0.0,0.0,-8.0,20
128.0,666.0902130980254,541.1622122834034,57.355018513286794,1.57,0.79,2100,2100,2100,2100,0.0,0.0,-8.0,20
128.1,666.0902130980254,541.1622122834034,56.5550185132868,1.57,0.79,2100,2100,2100,2100,0.0,0.0,-8.0,20
128.2,666.0902130980254,541.1622122834034,55.7550185132868,1.57,0.79,2100,2100,2100,2100,0.0,0.0,-8.0,20
128.3,666.0902130980254,541.1622122834034,54.9550185132868,1.57,0.79,2100,2100,2100,2100,0.0,0.0,-8.0,20
128.4,666.0902130980254,541.1622122834034,54.155018513286805,1.57,0.79,2100,2100,2100,2100,0.0,0.0,-8.0,20
128.5,666.0902130980254,541.1622122834034,53.35501851328681,1.57,0.79,2100,2100,2100,2100,0.0,0.0,-8.0,20
128.6,666.0902130980254,541.1622122834034,52.55501851328681,1.57,0.79,2100,2100,2100,2100,0.0,0.0,-8.0,20
128.7,666.0902130980254,541.1622122834034,51.755018513286814,1.57,0.79,2100,2100,2100,2100,0.0,0.0,-8.0,20
128.8,666.0902130980254,541.1622122834034,50.95501851328682,1.57,0.79,2100,2100,2100,2100,0.0,0.0,-8.0,20
128.9,666.0902130980254,541.1622122834034,50.15501851328682,1.57,0.79,2100,2100,2100,2100,0.0,0.0,-8.0,20
129.0,666.0902130980254,541.1622122834034,49.35501851328682,1.57,0.79,2100,2100,2100,2100,0.0,0.0,-8.0,20
129.1,666.0902130980254,541.1622122834034,48.555018513286825,1.57,0.79,2100,2100,2100,2100,0.0,0.0,-8.0,20
129.2,666.0902130980254,541.1622122834034,47.75501851328683,1.57,0.79,2100,2100,2100,2100,0.0,0.0,-8.0,20
129.3,666.0902130980254,541.1622122834034,46.95501851328683,1.57,0.79,2100,2100,2100,2100,0.0,0.0,-8.0,20
129.4,666.0902130980254,541.1622122834034,46.155018513286834,1.57,0.79,2100,2100,2100,2100,0.0,0.0,-8.0,20
129.5,666.0902130980254,541.1622122834034,45.355018513286836,1.57,0.79,2100,2100,2100,2100,0.0,0.0,-8.0,20
129.6,666.0902130980254,541.1622122834034,44.55501851328684,1.57,0.79,2100,2100,2100,2100,0.0,0.0,-8.0,20
129.7,666.0902130980254,541.1622122834034,43.75501851328684,1.57,0.79,2100,2100,2100,2100,0.0,0.0,-8.0,20
129.8,666.0902130980254,541.1622122834034,42.955018513286845,1.57,0.79,2100,2100,2100,2100,0.0,0.0,-8.0,20
129.9,666.0902130980254,541.1622122834034,42.15501851328685,1.57,0.79,2100,2100,2100,2100,0.0,0.0,-8.0,20
130.0,666.0902130980254,541.1622122834034,41.35501851328685,1.57,0.79,2100,2100,2100,2100,0.0,0.0,-8.0,20
130.1,666.0902130980254,541.1622122834034,40.55501851328685,1.57,0.79,2100,2100,2100,2100,0.0,0.0,-8.0,20
130.2,666.0902130980254,541.1622122834034,39.755018513286856,1.57,0.79,2100,2100,2100,2100,0.0,0.0,-8.0,20
130.3,666.0902130980254,541.1622122834034,38.95501851328686,1.57,0.79,2100,2100,2100,2100,0.0,0.0,-8.0,20
130.4,666.0902130980254,541.1622122834034,38.15501851328686,1.57,0.79,2100,2100,2100,2100,0.0,0.0,-8.0,20
130.5,666.0902130980254,541.1622122834034,37.355018513286865,1.57,0.79,2100,2100,2100,2100,0.0,0.0,-8.0,20
130.6,666.0902130980254,541.1622122834034,36.55501851328687,1.57,0.79,2100,2100,2100,2100,0.0,0.0,-8.0,20
130.7,666.0902130980254,541.1622122834034,35.75501851328687,1.57,0.79,2100,2100,2100,2100,0.0,0.0,-8.0,20
130.8,666.0902130980254,541.1622122834034,34.95501851328687,1.57,0.79,2100,2100,2100,2100,0.0,0.0,-8.0,20
130.9,666.0902130980254,541.1622122834034,34.155018513286876,1.57,0.79,2100,2100,2100,2100,0.0,0.0,-8.0,20
131.0,666.0902130980254,541.1622122834034,33.35501851328688,1.57,0.79,2100,2100,2100,2100,0.0,0.0,-8.0,20
131.1,666.0902130980254,541.1622122834034,32.55501851328688,1.57,0.79,2100,2100,2100,2100,0.0,0.0,-8.0,20
131.2,666.0902130980254,541.1622122834034,31.75501851328688,1.57,0.79,2100,2100,2100,2100,0.0,0.0,-8.0,20
131.3,666.0902130980254,541.1622122834034,30.95501851328688,1.57,0.79,2100,2100,2100,2100,0.0,0.0,-8.0,20
131.4,666.0902130980254,541.1622122834034,30.15501851328688,1.57,0.79,2100,2100,2100,2100,0.0,0.0,-8.0,20
131.5,666.0902130980254,541.1622122834034,29.35501851328688,1.57,0.79,2100,2100,2100,2100,0.0,0.0,-8.0,20
131.6,666.0902130980254,541.1622122834034,28.56311951056119,1.57,0.79,2100,2100,2100,2100,0.0,0.0,-7.92,20
131.7,666.0902130980254,541.1622122834034,27.813455121314203,1.57,0.79,2100,2100,2100,2100,0.0,0.0,-7.5,20
131.8,666.0902130980254,541.1622122834034,27.103772832827055,1.57,0.79,2100,2100,2100,2100,0.0,0.0,-7.1,20
131.9,666.0902130980254,541.1622122834034,26.431940266392555,1.57,0.79,2100,2100,2100,2100,0.0,0.0,-6.72,20
132.0,666.0902130980254,541.1622122834034,25.795938770167897,1.57,0.79,2100,2100,2100,2100,0.0,0.0,-6.36,20
132.1,666.0902130980254,541.1622122834034,25.193857353741887,1.57,0.79,2100,2100,2100,2100,0.0,0.0,-6.02,20
132.2,666.0902130980254,541.1622122834034,24.62388694619193,1.57,0.79,2100,2100,2100,2100,0.0,0.0,-5.7,20
132.3,666.0902130980254,541.1622122834034,24.084314960377974,1.57,0.79,2100,2100,2100,2100,0.0,0.0,-5.4,20
132.4,666.0902130980254,541.1622122834034,23.57352014714076,1.57,0.79,2100,2100,2100,2100,0.0,0.0,-5.11,20
132.5,666.0902130980254,541.1622122834034,23.089967723942863,1.57,0.79,2100,2100,2100,2100,0.0,0.0,-4.84,20
132.6,666.0902130980254,541.1622122834034,22.63220476331552,1.57,0.79,2100,2100,2100,2100,0.0,0.0,-4.58,20
132.7,666.0902130980254,541.1622122834034,22.19885582725497,1.57,0.79,2100,2100,2100,2100,0.0,0.0,-4.33,20
132.8,666.0902130980254,541.1622122834034,21.788618834450983,1.57,0.79,2100,2100,2100,2100,0.0,0.0,-4.1,20
132.9,666.0902130980254,541.1622122834034,21.400261147929875,1.57,0.79,2100,2100,2100,2100,0.0,0.0,-3.88,20
133.0,666.0902130980254,541.1622122834034,21.03261587135656,1.57,0.79,2100,2100,2100,2100,0.0,0.0,-3.68,20
133.1,666.0902130980254,541.1622122834034,20.68457834286715,1.57,0.79,2100,2100,2100,2100,0.0,0.0,-3.48,20
133.2,666.0902130980254,541.1622122834034,20.35510281589718,1.57,0.79,2100,2100,2100,2100,0.0,0.0,-3.29,20
133.3,666.0902130980254,541.1622122834034,20.043199317032276,1.57,0.79,2100,2100,2100,2100,0.0,0.0,-3.12,20
133.4,666.0902130980254,541.1622122834034,19.747930671440166,1.57,0.79,2100,2100,2100,2100,0.0,0.0,-2.95,20
133.5,666.0902130980254,541.1622122834034,19.468409686946302,1.57,0.79,2100,2100,2100,2100,0.0,0.0,-2.8,20
133.6,666.0902130980254,541.1622122834034,19.20379648829211,1.57,0.79,2100,2100,2100,2100,0.0,0.0,-2.65,20
133.7,666.0902130980254,541.1622122834034,18.95329599356614,1.57,0.79,2100,2100,2100,2100,0.0,0.0,-2.51,20
133.8,666.0902130980254,541.1622122834034,18.716155525225556,1.57,0.79,2100,2100,2100,2100,0.0,0.0,-2.37,20
133.9,666.0902130980254,541.1622122834034,18.491662548529803,1.57,0.79,2100,2100,2100,2100,0.0,0.0,-2.24,20
134.0,666.0902130980254,541.1622122834034,18.27914253059116,1.57,0.79,2100,2100,2100,2100,0.0,0.0,-2.13,20
134.1,666.0902130980254,541.1622122834034,18.077956913609242,1.57,0.79,2160,2160,2160,2160,0.0,0.0,-2.01,20
134.2,666.0902130980254,541.1622122834034,17.887501196199693,1.57,0.79,2122,2122,2122,2122,0.0,0.0,-1.9,20
134.3,666.0902130980254,541.1622122834034,17.707203117051986,1.57,0.79,2182,2182,2182,2182,0.0,0.0,-1.8,20
134.4,666.0902130980254,541.1622122834034,17.536520935458825,1.57,0.79,2242,2242,2242,2242,0.0,0.0,-1.71,20
134.5,666.0902130980254,541.1622122834034,17.37494180355063,1.57,0.79,2208,2208,2208,2208,0.0,0.0,-1.62,20
134.6,666.0902130980254,541.1622122834034,17.221980225344208,1.57,0.79,2268,2268,2268,2268,0.0,0.0,-1.53,20
134.7,666.0902130980254,541.1622122834034,17.07717659797546,1.57,0.79,2328,2328,2328,2328,0.0,0.0,-1.45,20
134.8,666.0902130980254,541.1622122834034,16.940095830733046,1.57,0.79,2268,2268,2268,2268,0.0,0.0,-1.37,20
134.9,666.0902130980254,541.1622122834034,16.81032603774356,1.57,0.79,2328,2328,2328,2328,0.0,0.0,-1.3,20
135.0,666.0902130980254,541.1622122834034,16.68747730038018,1.57,0.79,2388,2388,2388,2388,0.0,0.0,-1.23,20
135.1,666.0902130980254,541.1622122834034,16.57118049567618,1.57,0.79,2328,2328,2328,2328,0.0,0.0,-1.16,20
135.2,666.0902130980254,541.1622122834034,16.461086187223064,1.57,0.79,2388,2388,2388,2388,0.0,0.0,-1.1,20
135.3,666.1742043328404,540.9807034062809,16.69742010522649,-1.17,-1.14,2448,2448,2448,2448,0.84,-1.82,2.36,20
135.4,666.2749938146184,540.7628927537339,16.952660736670197,-1.17,-1.14,2508,2508,2508,2508,1.01,-2.18,2.55,20
135.5,666.3959411927519,540.5015199706776,17.228320618629397,-1.17,-1.14,2568,2568,2568,2568,1.21,-2.61,2.76,20
135.6,666.5410780465122,540.1878726310099,17.526033291145332,-1.17,-1.14,2628,2628,2628,2628,1.45,-3.14,2.98,20
135.7,666.7152422710245,539.8114958234087,17.84756297746254,-1.18,-1.14,2688,2688,2688,2688,1.74,-3.76,3.22,20
135.8,666.9242393404394,539.3598436542873,18.194815038685128,-1.18,-1.14,2748,2748,2748,2748,2.09,-4.52,3.47,20
135.9,667.1750358237372,538.8178610513415,18.56984726480552,-1.18,-1.14,2808,2808,2808,2808,2.51,-5.42,3.75,20
136.0,667.4759916036945,538.1674819278066,18.974882069015546,-1.18,-1.14,2868,2868,2868,2868,3.01,-6.5,4.05,20
136.1,667.8371385396433,537.3870269795648,19.412319657562374,-1.18,-1.14,2928,2928,2928,2928,3.61,-7.8,4.37,20
136.2,668.270514862782,536.4504810416746,19.88475225319295,-1.18,-1.14,2988,2988,2988,2988,4.33,-9.37,4.72,20
136.3,668.7905664505483,535.3266259162064,20.39497945647397,-1.18,-1.14,3048,3048,3048,3048,5.2,-11.24,5.1,20
136.4,669.4146283558679,533.9779997656444,20.94602483601747,-1.18,-1.14,3108,3108,3108,3108,6.24,-13.49,5.51,20
136.5,670.1635026422514,532.3596483849701,21.541153845924452,-1.19,-1.14,3168,3168,3168,3168,7.49,-16.18,5.95,20
136.6,671.0034149904011,530.5445596137455,22.183893176623993,-1.19,-1.14,3228,3228,3228,3228,8.4,-18.15,6.43,20
136.7,671.8433273385508,528.7294708425209,22.878051653779497,-1.2,-1.14,3288,3288,3288,3288,8.4,-18.15,6.94,20
136.8,672.6832396867005,526.9143820712962,23.627742809107442,-1.2,-1.14,3348,3348,3348,3348,8.4,-18.15,7.5,20
136.9,673.5231520348502,525.0992933000716,24.427742809107443,-1.2,-1.14,3408,3408,3408,3408,8.4,-18.15,8.0,20
137.0,674.3630643829999,523.284204528847,25.227742809107443,-1.21,-1.14,3468,3468,3468,3468,8.4,-18.15,8.0,20
137.1,675.2029767311496,521.4691157576224,26.027742809107444,-1.21,-1.14,3528,3528,3528,3528,8.4,-18.15,8.0,20
137.2,676.0428890792994,519.6540269863978,26.827742809107445,-1.21,-1.14,3588,3588,3588,3588,8.4,-18.15,8.0,20
137.3,676.8828014274491,517.8389382151731,27.627742809107446,-1.22,-1.14,3648,3648,3648,3648,8.4,-18.15,8.0,20
137.4,677.7227137755988,516.0238494439485,28.427742809107446,-1.22,-1.14,3708,3708,3708,3708,8.4,-18.15,8.0,20
137.5,678.5626261237485,514.2087606727239,29.227742809107447,-1.23,-1.14,3768,3768,3768,3768,8.4,-18.15,8.0,20
137.6,679.4025384718982,512.3936719014993,30.027742809107448,-1.23,-1.14,3828,3828,3828,3828,8.4,-18.15,8.0,20
137.7,680.2424508200479,510.5785831302747,30.82774280910745,-1.24,-1.14,3888,3888,3888,3888,8.4,-18.15,8.0,20
137.8,681.0823631681976,508.7634943590501,31.62774280910745,-1.24,-1.14,3948,3948,3948,3948,8.4,-18.15,8.0,20
137.9,681.9222755163474,506.94840558782556,32.42774280910745,-1.24,-1.14,4008,4008,4008,4008,8.4,-18.15,8.0,20
138.0,682.7621878644972,505.133316816601,33.22774280910745,-1.25,-1.14,4068,4068,4068,4068,8.4,-18.15,8.0,20
138.1,683.602100212647,503.31822804537643,34.027742809107444,-1.25,-1.14,4128,4128,4128,4128,8.4,-18.15,8.0,20
138.2,684.4420125607967,501.50313927415186,34.82774280910744,-1.26,-1.14,4188,4188,4188,4188,8.4,-18.15,8.0,20
138.3,685.2819249089465,499.6880505029273,35.62774280910744,-1.26,-1.14,4248,4248,4248,4248,8.4,-18.15,8.0,20
138.4,686.1218372570962,497.87296173170273,36.427742809107436,-1.26,-1.14,4308,4308,4308,4308,8.4,-18.15,8.0,20
138.5,686.961749605246,496.05787296047816,37.22774280910743,-1.27,-1.14,4368,4368,4368,4368,8.4,-18.15,8.0,20
138.6,687.8016619533958,494.2427841892536,38.02774280910743,-1.27,-1.14,4428,4428,4428,4428,8.4,-18.15,8.0,20
138.7,688.6415743015456,492.42769541802903,38.82774280910743,-1.28,-1.14,4488,4488,4488,4488,8.4,-18.15,8.0,20
138.8,689.4814866496953,490.61260664680447,39.627742809107424,-1.28,-1.14,4548,4548,4548,4548,8.4,-18.15,8.0,20
138.9,690.321398997845,488.7975178755799,40.42774280910742,-1.29,-1.14,4608,4608,4608,4608,8.4,-18.15,8.0,20
139.0,691.1613113459948,486.98242910435533,41.22774280910742,-1.29,-1.14,4668,4668,4668,4668,8.4,-18.15,8.0,20
139.1,692.0012236941445,485.16734033313077,42.027742809107416,-1.3,-1.14,4728,4728,4728,4728,8.4,-18.15,8.0,20
139.2,692.8411360422944,483.3522515619062,42.82774280910741,-1.3,-1.14,4788,4788,4788,4788,8.4,-18.15,8.0,20
139.3,693.6810483904441,481.53716279068163,43.62774280910741,-1.31,-1.14,4848,4848,4848,4848,8.4,-18.15,8.0,20
139.4,694.5209607385939,479.72207401945707,44.42774280910741,-1.31,-1.14,4908,4908,4908,4908,8.4,-18.15,8.0,20
139.5,695.3608730867436,477.9069852482325,45.227742809107404,-1.31,-1.14,4968,4968,4968,4968,8.4,-18.15,8.0,20
139.6,696.2007854348934,476.09189647700794,46.0277428091074,-1.32,-1.14,5000,5000,5000,5000,8.4,-18.15,8.0,20
139.7,697.0406977830431,474.27680770578337,46.8277428091074,-1.32,-1.14,5000,5000,5000,5000,8.4,-18.15,8.0,20
139.8,697.880610131193,472.4617189345588,47.627742809107396,-1.33,-1.14,5000,5000,5000,5000,8.4,-18.15,8.0,20
139.9,698.7205224793427,470.64663016333424,48.42774280910739,-1.33,-1.14,5000,5000,5000,5000,8.4,-18.15,8.0,20
140.0,699.5604348274924,468.83154139210967,49.22774280910739,-1.34,-1.14,5000,5000,5000,5000,8.4,-18.15,8.0,20
140.1,700.4003471756422,467.0164526208851,50.02774280910739,-1.34,-1.14,5000,5000,5000,5000,8.4,-18.15,8.0,20
140.2,701.2402595237919,465.20136384966054,50.827742809107384,-1.35,-1.14,5000,5000,5000,5000,8.4,-18.15,8.0,20
140.3,702.0801718719417,463.386275078436,51.62774280910738,-1.35,-1.14,5000,5000,5000,5000,8.4,-18.15,8.0,20
140.4,702.9200842200914,461.5711863072114,52.42774280910738,-1.36,-1.14,5000,5000,5000,5000,8.4,-18.15,8.0,20
140.5,703.7599965682413,459.75609753598684,53.227742809107376,-1.36,-1.14,5000,5000,5000,5000,8.4,-18.15,8.0,20
140.6,704.599908916391,457.9410087647623,54.02774280910737,-1.37,-1.14,5000,5000,5000,5000,8.4,-18.15,8.0,20
140.7,705.4398212645408,456.1259199935377,54.82774280910737,-1.37,-1.14,5000,5000,5000,5000,8.4,-18.15,8.0,20
140.8,706.2797336126905,454.31083122231314,55.62774280910737,-1.38,-1.14,5000,5000,5000,5000,8.4,-18.15,8.0,20
140.9,707.1196459608403,452.4957424510886,56.427742809107365,-1.38,-1.14,5000,5000,5000,5000,8.4,-18.15,8.0,20
141.0,707.95955830899,450.680653679864,57.22774280910736,-1.39,-1.14,5000,5000,5000,5000,8.4,-18.15,8.0,20
141.1,708.7994706571399,448.86556490863944,58.02774280910736,-1.39,-1.14,5000,5000,5000,5000,8.4,-18.15,8.0,20
141.2,709.6393830052896,447.0504761374149,58.827742809107356,-1.4,-1.14,5000,5000,5000,5000,8.4,-18.15,8.0,20
141.3,710.4792953534393,445.2353873661903,59.62774280910735,-1.4,-1.14,5000,5000,5000,5000,8.4,-18.15,8.0,20
141.4,711.3192077015891,443.42029859496574,60.42774280910735,-1.41,-1.14,5000,5000,5000,5000,8.4,-18.15,8.0,20
141.5,712.1591200497388,441.6052098237412,61.22774280910735,-1.42,-1.14,5000,5000,5000,5000,8.4,-18.15,8.0,20
141.6,712.9990323978886,439.7901210525166,62.027742809107345,-1.42,-1.14,5000,5000,5000,5000,8.4,-18.15,8.0,20
141.7,713.8389447460384,437.97503228129204,62.82774280910734,-1.43,-1.14,5000,5000,5000,5000,8.4,-18.15,8.0,20
141.8,714.6788570941882,436.1599435100675,63.62774280910734,-1.43,-1.14,5000,5000,5000,5000,8.4,-18.15,8.0,20
141.9,715.5187694423379,434.3448547388429,64.42774280910734,-1.44,-1.14,5000,5000,5000,5000,8.4,-18.15,8.0,20
142.0,716.3586817904877,432.52976596761835,65.22774280910734,-1.44,-1.14,5000,5000,5000,5000,8.4,-18.15,8.0,20
142.1,717.1985941386374,430.7146771963938,66.02774280910734,-1.45,-1.14,5000,5000,5000,5000,8.4,-18.15,8.0,20
142.2,718.0385064867872,428.8995884251692,66.82774280910733,-1.45,-1.14,5000,5000,5000,5000,8.4,-18.15,8.0,20
142.3,718.878418834937,427.08449965394465,67.62774280910733,-1.46,-1.14,5000,5000,5000,5000,8.4,-18.15,8.0,20
142.4,719.7183311830867,425.2694108827201,68.42774280910733,-1.46,-1.14,5000,5000,5000,5000,8.4,-18.15,8.0,20
142.5,720.5582435312365,423.4543221114955,69.22774280910733,-1.47,-1.14,5000,5000,5000,5000,8.4,-18.15,8.0,20
142.6,721.3981558793862,421.63923334027095,70.02774280910732,-1.48,-1.14,5000,5000,5000,5000,8.4,-18.15,8.0,20
142.7,722.238068227536,419.8241445690464,70.82774280910732,-1.48,-1.14,5000,5000,5000,5000,8.4,-18.15,8.0,20
142.8,723.0779805756857,418.0090557978218,71.62774280910732,-1.49,-1.14,5000,5000,5000,5000,8.4,-18.15,8.0,20
142.9,723.9178929238356,416.19396702659725,72.42774280910731,-1.49,-1.14,5000,5000,5000,5000,8.4,-18.15,8.0,20
143.0,724.7578052719853,414.3788782553727,73.22774280910731,-1.5,-1.14,5000,5000,5000,5000,8.4,-18.15,8.0,20
143.1,725.5977176201351,412.5637894841481,74.02774280910731,-1.51,-1.14,5000,5000,5000,5000,8.4,-18.15,8.0,20
143.2,726.4376299682848,410.74870071292355,74.8277428091073,-1.51,-1.14,5000,5000,5000,5000,8.4,-18.15,8.0,20
143.3,727.2775423164346,408.933611941699,75.6277428091073,-1.52,-1.14,5000,5000,5000,5000,8.4,-18.15,8.0,20
143.4,728.1174546645843,407.1185231704744,76.4277428091073,-1.52,-1.14,5000,5000,5000,5000,8.4,-18.15,8.0,20
143.5,728.8682335466775,405.4960558718786,77.2277428091073,-1.53,-1.14,5000,5000,5000,5000,7.51,-16.22,8.0,20
143.6,729.518908577825,404.08991754642886,78.0277428091073,-1.53,-1.14,5000,5000,5000,5000,6.51,-14.06,8.0,20
143.7,730.0828269381527,402.87126433103913,78.82774280910729,-1.54,-1.14,5000,5000,5000,5000,5.64,-12.19,8.0,20
143.8,730.5715561837701,401.8150982110347,79.62774280910729,-1.54,-1.14,5000,5000,5000,5000,4.89,-10.56,8.0,20
143.9,730.9951215299718,400.8997542403642,80.42774280910729,-1.55,-1.14,5000,5000,5000,5000,4.24,-9.15,8.0,20
144.0,731.36221149668,400.10645613244975,81.22774280910728,-1.55,-1.14,5000,5000,5000,5000,3.67,-7.93,8.0,20
144.1,731.6803561344936,399.41893110559056,82.02774280910728,-1.55,-1.14,5000,5000,5000,5000,3.18,-6.88,8.0,20
144.2,731.9560814872656,398.8230760823126,82.82774280910728,-1.56,-1.14,5000,5000,5000,5000,2.76,-5.96,8.0,20
144.3,732.1950434596679,398.30666839547166,83.62774280910727,-1.56,-1.14,5000,5000,5000,5000,2.39,-5.16,8.0,20
144.4,732.4021438357499,397.8591150668762,84.42774280910727,-1.56,-1.14,5000,5000,5000,5000,2.07,-4.48,8.0,20
144.5,732.5816308283544,397.4712355154268,85.22774280910727,-1.56,-1.14,5000,5000,5000,5000,1.79,-3.88,8.0,20
144.6,732.7371862219449,397.135073237504,86.02774280910727,-1.56,-1.14,5000,5000,5000,5000,1.56,-3.36,8.0,20
144.7,732.87200089639,396.8437325966376,86.82774280910726,-1.56,-1.14,5000,5000,5000,5000,1.35,-2.91,8.0,20
144.8,732.988840280909,396.5912373745534,87.62774280910726,-1.56,-1.14,5000,5000,5000,5000,1.17,-2.52,8.0,20
144.9,733.0901010808255,396.3724081820804,88.42774280910726,-1.57,-1.14,5000,5000,5000,5000,1.01,-2.19,8.0,20
145.0,733.1778604407532,396.18275621527044,89.22774280910726,-1.57,-1.14,5000,5000,5000,5000,0.88,-1.9,8.0,20
145.1,733.2539185526905,396.01839117736847,90.02774280910725,-1.57,-1.14,5000,5000,5000,5000,0.76,-1.64,8.0,20
145.2,733.3198355830361,395.8759414778535,90.82774280910725,-1.57,-1.14,5000,5000,5000,5000,0.66,-1.42,8.0,20
145.3,733.3769636760023,395.7524850716071,91.62774280910725,-1.57,-1.14,5000,5000,5000,5000,0.57,-1.23,8.0,20
145.4,733.4264746899064,395.64548951952696,92.42774280910724,-1.57,-1.14,5000,5000,5000,5000,0.5,-1.07,8.0,20
145.5,733.4693842352899,395.55276004105747,93.22774280910724,-1.57,-1.14,5000,5000,5000,5000,0.43,-0.93,8.0,20
145.6,733.5065725079556,395.47239449305056,94.02774280910724,-1.57,-1.14,5000,5000,5000,5000,0.37,-0.8,8.0,20
145.7,733.538802344266,395.4027443514446,94.82774280910724,-1.57,-1.14,5000,5000,5000,5000,0.32,-0.7,8.0,20
145.8,733.5667348690682,395.3423808953861,95.62774280910723,-1.57,-1.14,5000,5000,5000,5000,0.28,-0.6,8.0,20
145.9,733.5909430572302,395.2900659001354,96.42774280910723,-1.57,-1.14,5000,5000,5000,5000,0.24,-0.52,8.0,20
146.0,733.6119234869706,395.2447262375848,97.22774280910723,-1.57,-1.14,5000,5000,5000,5000,0.21,-0.45,8.0,20
146.1,733.6301065260789,395.20543186337426,98.02774280910722,-1.57,-1.14,5000,5000,5000,5000,0.18,-0.39,8.0,20
146.2,733.6458651599727,395.1713767390585,98.82774280910722,-1.57,-1.14,5000,5000,5000,5000,0.16,-0.34,8.0,20
146.3,733.6595226426807,395.1418622979848,99.62774280910722,-1.57,-1.14,5000,5000,5000,5000,0.14,-0.3,8.0,20
146.4,733.6713591276944,395.11628311572093,100.42774280910722,-1.57,-1.14,5000,5000,5000,5000,0.12,-0.26,8.0,20
146.5,733.6816174147061,395.0941144910922,101.22774280910721,-1.57,-1.14,5000,5000,5000,5000,0.1,-0.22,8.0,20
146.6,733.6905079301164,395.0749016830807,102.02774280910721,-1.57,-1.14,5000,5000,5000,5000,0.09,-0.19,8.0,20
146.7,733.6982130434719,395.0582505828041,102.8277428091072,-1.57,-1.14,5000,5000,5000,5000,0.08,-0.17,8.0,20
146.8,733.70489080838,395.043819629231,103.6277428091072,-1.57,-1.14,5000,5000,5000,5000,0.07,-0.14,8.0,20
146.9,733.7106782046337,395.031312802801,104.4277428091072,-1.57,-1.14,5000,5000,5000,5000,0.06,-0.13,8.0,20
147.0,733.7156939480536,395.02047355322827,105.2277428091072,-1.57,-1.14,5000,5000,5000,5000,0.05,-0.11,8.0,20
147.1,733.7200409256842,395.01107953693196,106.0277428091072,-1.57,-1.14,5000,5000,5000,5000,0.04,-0.09,8.0,20
147.2,733.7238083062973,395.00293805614183,106.82774280910719,-1.57,-1.14,5000,5000,5000,5000,0.04,-0.08,8.0,20
147.3,733.7270733694954,394.9958821061237,107.62774280910719,-1.57,-1.14,5000,5000,5000,5000,0.03,-0.07,8.0,20
147.4,733.7299030909338,394.98976694944133,108.42774280910719,-1.57,-1.14,5000,5000,5000,5000,0.03,-0.06,8.0,20
147.5,733.7323555161804,394.98446714698326,109.22774280910718,-1.57,-1.14,5000,5000,5000,5000,0.02,-0.05,8.0,20
147.6,733.7344809513941,394.97987398485293,110.02774280910718,-1.57,-1.14,5000,5000,5000,5000,0.02,-0.05,8.0,20
147.7,733.7363229952459,394.97589324434,110.82774280910718,-1.57,-1.14,5000,5000,5000,5000,0.02,-0.04,8.0,20
147.8,733.7379194332509,394.9724432692288,111.62774280910718,-1.57,-1.14,5000,5000,5000,5000,0.02,-0.03,8.0,20
147.9,733.7393030128552,394.96945329079904,112.42774280910717,-1.57,-1.14,5000,5000,5000,5000,0.01,-0.03,8.0,20
148.0,733.7405021151789,394.9668619761599,113.22774280910717,-1.57,-1.14,5000,5000,5000,5000,0.01,-0.03,8.0,20
148.1,733.7415413371928,394.9646161701394,114.02774280910717,-1.57,-1.14,5000,5000,5000,5000,0.01,-0.02,8.0,20
148.2,733.7424419962714,394.9626698049216,114.82774280910716,-1.57,-1.14,5000,5000,5000,5000,0.01,-0.02,8.0,20
148.3,733.7432225674729,394.96098295506613,115.62774280910716,-1.57,-1.14,5000,5000,5000,5000,0.01,-0.02,8.0,20
148.4,733.7438990625143,394.95952101852475,116.42774280910716,-1.57,-1.14,5000,5000,5000,5000,0.01,-0.01,8.0,20
148.5,733.7444853582168,394.95825400685555,117.22774280910716,-1.57,-1.14,5000,5000,5000,5000,0.01,-0.01,8.0,20
148.6,733.744993481159,394.9571559300756,118.02774280910715,-1.57,-1.14,5000,5000,5000,5000,0.01,-0.01,8.0,20
148.7,733.7454338543755,394.956204263533,118.82774280910715,-1.57,-1.14,5000,5000,5000,5000,0.0,-0.01,8.0,20
148.8,733.7458155111632,394.9553794858627,119.62774280910715,-1.57,-1.14,5000,5000,5000,5000,0.0,-0.01,8.0,20
148.9,733.7461462803792,394.95466467854845,120.42774280910714,-1.57,-1.14,5000,5000,5000,5000,0.0,-0.01,8.0,20
149.0,733.746432947033,394.95404517887613,121.22774280910714,-1.57,-1.14,5000,5000,5000,5000,0.0,-0.01,8.0,20
149.1,733.7466813914663,394.9535082791601,122.02774280910714,-1.57,-1.14,5000,5000,5000,5000,0.0,-0.01,8.0,20
149.2,733.7468967099752,394.95304296607287,122.82774280910714,-1.57,-1.14,5000,5000,5000,5000,0.0,-0.0,8.0,20
149.3,733.7470833193496,394.9526396947306,123.62774280910713,-1.57,-1.14,5000,5000,5000,5000,0.0,-0.0,8.0,20
149.4,733.747245047474,394.9522901929006,124.42774280910713,-1.57,-1.14,5000,5000,5000,5000,0.0,-0.0,8.0,20
149.5,733.7473852118486,394.95198729131465,125.22774280910713,-1.57,-1.14,5000,5000,5000,5000,0.0,-0.0,8.0,20
149.6,733.7475066876399,394.9517247766068,126.02774280910712,-1.57,-1.14,5000,5000,5000,5000,0.0,-0.0,8.0,20
149.7,733.747611966659,394.95149726386,126.82774280910712,-1.57,-1.14,5000,5000,5000,5000,0.0,-0.0,8.0,20
149.8,733.7477032084755,394.9513000861461,127.62774280910712,-1.57,-1.14,5000,5000,5000,5000,0.0,-0.0,8.0,20
149.9,733.7477822847165,394.95112919879404,128.42774280910712,-1.57,-1.14,5000,5000,5000,5000,0.0,-0.0,8.0,20
150.0,733.7478508174587,394.95098109642225,129.22774280910713,-1.57,-1.14,5000,5000,5000,5000,0.0,-0.0,8.0,20
150.1,733.7479102125019,394.9508527410334,130.02774280910714,-1.57,-1.14,5000,5000,5000,5000,0.0,-0.0,8.0,20
150.2,733.747961688206,394.9507414996964,130.82774280910715,-1.57,-1.14,5000,5000,5000,5000,0.0,-0.0,8.0,20
150.3,733.748006300483,394.95064509053765,131.62774280910716,-1.57,-1.14,5000,5000,5000,5000,0.0,-0.0,8.0,20
150.4,733.7480449644563,394.9505615359334,132.42774280910717,-1.57,-1.14,5000,5000,5000,5000,0.0,-0.0,8.0,20
150.5,733.7480784732332,394.95048912194306,133.22774280910718,-1.57,-1.14,5000,5000,5000,5000,0.0,-0.0,8.0,20
150.6,733.7481075141732,394.95042636315145,134.0277428091072,-1.57,-1.14,5000,5000,5000,5000,0.0,-0.0,8.0,20
150.7,733.7481326829878,394.9503719721987,134.8277428091072,-1.57,-1.14,5000,5000,5000,5000,0.0,-0.0,8.0,20
150.8,733.7481544959605,394.950324833373,135.62774280910722,-1.57,-1.14,5000,5000,5000,5000,0.0,-0.0,8.0,20
150.9,733.7481734005369,394.950283979724,136.42774280910723,-1.57,-1.14,5000,5000,5000,5000,0.0,-0.0,8.0,20
151.0,733.748189784503,394.95024857322824,137.22774280910724,-1.57,-1.14,5000,5000,5000,5000,0.0,-0.0,8.0,20
151.1,733.7482039839404,394.95021788759857,138.02774280910725,-1.57,-1.14,5000,5000,5000,5000,0.0,-0.0,8.0,20
151.2,733.7482162901193,394.9501912933862,138.82774280910726,-1.57,-1.14,5000,5000,5000,5000,0.0,-0.0,8.0,20
151.3,733.7482269554745,394.9501682450688,139.62774280910727,-1.57,-1.14,5000,5000,5000,5000,0.0,-0.0,8.0,20
151.4,733.7482361987823,394.95014826986045,140.4277428091073,-1.57,-1.14,5000,5000,5000,5000,0.0,-0.0,8.0,20
151.5,733.748244209649,394.9501309580132,141.2277428091073,-1.57,-1.14,5000,5000,5000,5000,0.0,-0.0,8.0,20
151.6,733.7482511524001,394.9501159544122,142.0277428091073,-1.57,-1.14,5000,5000,5000,5000,0.0,-0.0,8.0,20
151.7,733.7482571694512,394.95010295129134,142.82774280910732,-1.57,-1.14,5000,5000,5000,5000,0.0,-0.0,8.0,20
151.8,733.7482623842288,394.95009168191996,143.62774280910733,-1.57,-1.14,5000,5000,5000,5000,0.0,-0.0,8.0,20
151.9,733.7482669037028,394.9500819151314,144.42774280910734,-1.57,-1.14,5000,5000,5000,5000,0.0,-0.0,8.0,20
152.0,733.7482708205802,394.9500734505813,145.22774280910735,-1.57,-1.14,5000,5000,5000,5000,0.0,-0.0,8.0,20
152.1,733.7482742152072,394.95006611463793,146.02774280910737,-1.57,-1.14,5000,5000,5000,5000,0.0,-0.0,8.0,20
152.2,733.7482771572173,394.95005975682034,146.82774280910738,-1.57,-1.14,5000,5000,5000,5000,0.0,-0.0,8.0,20
152.3,733.7482797069595,394.9500542467117,147.6277428091074,-1.57,-1.14,5000,5000,5000,5000,0.0,-0.0,8.0,20
152.4,733.7482819167359,394.9500494712843,148.4277428091074,-1.57,-1.14,5000,5000,5000,5000,0.0,-0.0,8.0,20
152.5,733.7482838318755,394.9500453325805,149.2277428091074,-1.57,-1.14,5000,5000,5000,5000,0.0,-0.0,8.0,20
152.6,733.7482854916632,394.95004174570386,150.02774280910742,-1.57,-1.14,5000,5000,5000,5000,0.0,-0.0,8.0,20
152.7,733.7482869301458,394.95003863707745,150.82774280910743,-1.57,-1.14,5000,5000,5000,5000,0.0,-0.0,8.0,20
152.8,733.7482881768308,394.95003594293456,151.62774280910745,-1.57,-1.14,5000,5000,5000,5000,0.0,-0.0,8.0,20
152.9,733.748289257291,394.95003360801076,152.42774280910746,-1.57,-1.14,5000,5000,5000,5000,0.0,-0.0,8.0,20
153.0,733.74829019369,394.9500315844101,153.22774280910747,-1.57,-1.14,5000,5000,5000,5000,0.0,-0.0,8.0,20
153.1,733.7482910052357,394.9500298306229,154.02774280910748,-1.57,-1.14,5000,5000,5000,5000,0.0,-0.0,8.0,20
153.2,733.7482917085754,394.95002831067393,154.8277428091075,-1.57,-1.14,5000,5000,5000,5000,0.0,-0.0,8.0,20
153.3,733.7482923181364,394.9500269933848,155.6277428091075,-1.57,-1.14,5000,5000,5000,5000,0.0,-0.0,8.0,20
153.4,733.7482928464226,394.95002585173427,156.4277428091075,-1.57,-1.14,5000,5000,5000,5000,0.0,-0.0,8.0,20
153.5,733.7482933042706,394.9500248623038,157.22774280910753,-1.57,-1.14,5000,5000,5000,5000,0.0,-0.0,8.0,20
153.6,733.7482937010723,394.9500240047974,158.02774280910754,-1.57,-1.14,5000,5000,5000,5000,0.0,-0.0,8.0,20
153.7,733.748294044967,394.9500232616252,158.82774280910755,-1.57,-1.14,5000,5000,5000,5000,0.0,-0.0,8.0,20
153.8,733.7482943430091,394.9500226175426,159.62774280910756,-1.57,-1.14,5000,5000,5000,5000,0.0,-0.0,8.0,20
153.9,733.7482946013123,394.9500220593377,160.42774280910757,-1.57,-1.14,5000,5000,5000,5000,0.0,-0.0,8.0,20
154.0,733.7482948251751,394.95002157556013,161.22774280910758,-1.57,-1.14,5000,5000,5000,5000,0.0,-0.0,8.0,20
154.1,733.7482950191895,394.9500211562862,162.0277428091076,-1.57,-1.14,5000,5000,5000,5000,0.0,-0.0,8.0,20
154.2,733.7482951873353,394.9500207929155,162.8277428091076,-1.57,-1.14,5000,5000,5000,5000,0.0,-0.0,8.0,20
154.3,733.7482953330617,394.9500204779942,163.62774280910762,-1.57,-1.14,5000,5000,5000,5000,0.0,-0.0,8.0,20
154.4,733.7482954593579,394.9500202050624,164.42774280910763,-1.57,-1.14,5000,5000,5000,5000,0.0,-0.0,8.0,20
154.5,733.7482955688146,394.95001996852153,165.22774280910764,-1.57,-1.14,5000,5000,5000,5000,0.0,-0.0,8.0,20
154.6,733.748295663677,394.95001976351944,166.02774280910765,-1.57,-1.14,5000,5000,5000,5000,0.0,-0.0,8.0,20
154.7,733.7482957458911,394.95001958585095,166.82774280910766,-1.57,-1.14,5000,5000,5000,5000,0.0,-0.0,8.0,20
154.8,733.7482958171433,394.9500194318716,167.62774280910767,-1.57,-1.14,5000,5000,5000,5000,0.0,-0.0,8.0,20
154.9,733.7482958788953,394.95001929842283,168.42774280910768,-1.57,-1.14,5000,5000,5000,5000,0.0,-0.0,8.0,20
155.0,733.7482959324136,394.9500191827672,169.2277428091077,-1.57,-1.14,5000,5000,5000,5000,0.0,-0.0,8.0,20
155.1,733.7482959787961,394.9500190825324,170.0277428091077,-1.57,-1.14,5000,5000,5000,5000,0.0,-0.0,8.0,20
155.2,733.7482960189943,394.95001899566216,170.82774280910772,-1.57,-1.14,5000,5000,5000,5000,0.0,-0.0,8.0,20
155.3,733.7482960538329,394.95001892037465,171.62774280910773,-1.57,-1.14,5000,5000,5000,5000,0.0,-0.0,8.0,20
155.4,733.7482960840262,394.95001885512545,172.42774280910774,-1.57,-1.14,5000,5000,5000,5000,0.0,-0.0,8.0,20
155.5,733.7482961101937,394.9500187985762,173.22774280910775,-1.57,-1.14,5000,5000,5000,5000,0.0,-0.0,8.0,20
155.6,733.7482961328723,394.9500187495668,174.02774280910776,-1.57,-1.14,5000,5000,5000,5000,0.0,-0.0,8.0,20
155.7,733.748296152527,394.950018707092,174.82774280910778,-1.57,-1.14,5000,5000,5000,5000,0.0,-0.0,8.0,20
155.8,733.7482961695612,394.9500186702805,175.6277428091078,-1.57,-1.14,5000,5000,5000,5000,0.0,-0.0,8.0,20
155.9,733.7482961843241,394.9500186383772,176.4277428091078,-1.57,-1.14,5000,5000,5000,5000,0.0,-0.0,8.0,20
156.0,733.7482961971186,394.9500186107277,177.2277428091078,-1.57,-1.14,5000,5000,5000,5000,0.0,-0.0,8.0,20
156.1,733.7482962082072,394.95001858676477,178.02774280910782,-1.57,-1.14,5000,5000,5000,5000,0.0,-0.0,8.0,20
156.2,733.7482962178173,394.9500185659969,178.82774280910783,-1.57,-1.14,5000,5000,5000,5000,0.0,-0.0,8.0,20
156.3,733.7482962261461,394.9500185479981,179.62774280910784,-1.57,-1.14,5000,5000,5000,5000,0.0,-0.0,8.0,20
156.4,733.7482962333643,394.95001853239916,180.42774280910785,-1.57,-1.14,5000,5000,5000,5000,0.0,-0.0,8.0,20
156.5,733.7482962396201,394.95001851888003,181.22774280910787,-1.57,-1.14,5000,5000,5000,5000,0.0,-0.0,8.0,20
156.6,733.7482962450418,394.95001850716346,182.02774280910788,-1.57,-1.14,5000,5000,5000,5000,0.0,-0.0,8.0,20
156.7,733.7482962497406,394.9500184970091,182.8277428091079,-1.57,-1.14,5000,5000,5000,5000,0.0,-0.0,8.0,20
156.8,733.7482962538129,394.9500184882087,183.6277428091079,-1.57,-1.14,5000,5000,5000,5000,0.0,-0.0,8.0,20
156.9,733.7482962573422,394.95001848058166,184.4277428091079,-1.57,-1.14,5000,5000,5000,5000,0.0,-0.0,8.0,20
157.0,733.7482962604009,394.95001847397157,185.22774280910792,-1.57,-1.14,5000,5000,5000,5000,0.0,-0.0,8.0,20
157.1,733.7482962630519,394.95001846824283,186.02774280910793,-1.57,-1.14,5000,5000,5000,5000,0.0,-0.0,8.0,20
157.2,733.7482962653494,394.9500184632779,186.82774280910795,-1.57,-1.14,5000,5000,5000,5000,0.0,-0.0,8.0,20
157.3,733.7482962673405,394.95001845897497,187.62774280910796,-1.57,-1.14,5000,5000,5000,5000,0.0,-0.0,8.0,20
157.4,733.7482962690661,394.95001845524575,188.42774280910797,-1.57,-1.14,5000,5000,5000,5000,0.0,-0.0,8.0,20
157.5,733.7482962705617,394.95001845201375,189.22774280910798,-1.57,-1.14,5000,5000,5000,5000,0.0,-0.0,8.0,20
157.6,733.7482962718578,394.9500184492127,190.027742809108,-1.57,-1.14,5000,5000,5000,5000,0.0,-0.0,8.0,20
157.7,733.7482962729812,394.9500184467851,190.827742809108,-1.57,-1.14,5000,5000,5000,5000,0.0,-0.0,8.0,20
157.8,733.7482962739548,394.95001844468123,191.627742809108,-1.57,-1.14,5000,5000,5000,5000,0.0,-0.0,8.0,20
157.9,733.7482962747986,394.95001844285787,192.42774280910803,-1.57,-1.14,5000,5000,5000,5000,0.0,-0.0,8.0,20
158.0,733.7482962755298,394.9500184412776,193.22774280910804,-1.57,-1.14,5000,5000,5000,5000,0.0,-0.0,8.0,20
158.1,733.7482962761636,394.95001843990804,194.02774280910805,-1.57,-1.14,5000,5000,5000,5000,0.0,-0.0,8.0,20
158.2,733.7482962767128,394.9500184387211,194.82774280910806,-1.57,-1.14,5000,5000,5000,5000,0.0,-0.0,8.0,20
158.3,733.7482962771888,394.9500184376924,195.62774280910807,-1.57,-1.14,5000,5000,5000,5000,0.0,-0.0,8.0,20
158.4,733.7482962776014,394.95001843680086,196.42774280910808,-1.57,-1.14,5000,5000,5000,5000,0.0,-0.0,8.0,20
158.5,733.748296277959,394.9500184360282,197.2277428091081,-1.57,-1.14,5000,5000,5000,5000,0.0,-0.0,8.0,20
158.6,733.7482962782689,394.9500184353585,198.0277428091081,-1.57,-1.14,5000,5000,5000,5000,0.0,-0.0,8.0,20
158.7,733.7482962785374,394.95001843477814,198.82774280910812,-1.57,-1.14,5000,5000,5000,5000,0.0,-0.0,8.0,20
158.8,733.7482962787701,394.9500184342752,199.62774280910813,-1.57,-1.14,5000,5000,5000,5000,0.0,-0.0,8.0,20
158.9,733.7482962789718,394.95001843383926,200.42774280910814,-1.57,-1.14,5000,5000,5000,5000,0.0,-0.0,8.0,20
159.0,733.7482962791466,394.9500184334615,201.22774280910815,-1.57,-1.14,5000,5000,5000,5000,0.0,-0.0,8.0,20
159.1,733.7482962792982,394.95001843313406,202.02774280910816,-1.57,-1.14,5000,5000,5000,5000,0.0,-0.0,8.0,20
159.2,733.7482962794295,394.9500184328503,202.82774280910817,-1.57,-1.14,5000,5000,5000,5000,0.0,-0.0,8.0,20
159.3,733.7482962795433,394.9500184326044,203.62774280910818,-1.57,-1.14,5000,5000,5000,5000,0.0,-0.0,8.0,20
159.4,733.7482962796419,394.95001843239123,204.4277428091082,-1.57,-1.14,5000,5000,5000,5000,0.0,-0.0,8.0,20
159.5,733.7482962797274,394.9500184322065,205.2277428091082,-1.57,-1.14,5000,5000,5000,5000,0.0,-0.0,8.0,20
159.6,733.7482962798015,394.9500184320464,206.02774280910822,-1.57,-1.14,5000,5000,5000,5000,0.0,-0.0,8.0,20
159.7,733.7482962798657,394.95001843190767,206.82774280910823,-1.57,-1.14,5000,5000,5000,5000,0.0,-0.0,8.0,20
159.8,733.7482962799213,394.95001843178744,207.62774280910824,-1.57,-1.14,5000,5000,5000,5000,0.0,-0.0,8.0,20
159.9,733.7482962799695,394.95001843168325,208.42774280910825,-1.57,-1.14,5000,5000,5000,5000,0.0,-0.0,8.0,20
160.0,733.7482962800113,394.9500184315929,209.22774280910826,-1.57,-1.14,5000,5000,5000,5000,0.0,-0.0,8.0,20
160.1,733.7482962800476,394.95001843151465,210.02774280910828,-1.57,-1.14,5000,5000,5000,5000,0.0,-0.0,8.0,20
160.2,733.748296280079,394.95001843144684,210.8277428091083,-1.57,-1.14,5000,5000,5000,5000,0.0,-0.0,8.0,20
160.3,733.7482962801062,394.95001843138806,211.6277428091083,-1.57,-1.14,5000,5000,5000,5000,0.0,-0.0,8.0,20
160.4,733.7482962801297,394.95001843133707,212.4277428091083,-1.57,-1.14,5000,5000,5000,5000,0.0,-0.0,8.0,20
160.5,733.7482962801502,394.9500184312929,213.22774280910832,-1.57,-1.14,5000,5000,5000,5000,0.0,-0.0,8.0,20
160.6,733.7482962801679,394.95001843125465,214.02774280910833,-1.57,-1.14,5000,5000,5000,5000,0.0,-0.0,8.0,20
160.7,733.7482962801832,394.95001843122145,214.82774280910834,-1.57,-1.14,5000,5000,5000,5000,0.0,-0.0,8.0,20
160.8,733.7482962801965,394.9500184311927,215.62774280910836,-1.57,-1.14,5000,5000,5000,5000,0.0,-0.0,8.0,20
160.9,733.748296280208,394.9500184311678,216.42774280910837,-1.57,-1.14,5000,5000,5000,5000,0.0,-0.0,8.0,20
161.0,733.748296280218,394.9500184311462,217.22774280910838,-1.57,-1.14,5000,5000,5000,5000,0.0,-0.0,8.0,20
161.1,733.7482962802267,394.9500184311275,218.0277428091084,-1.57,-1.14,5000,5000,5000,5000,0.0,-0.0,8.0,20
161.2,733.7482962802342,394.9500184311113,218.8277428091084,-1.57,-1.14,5000,5000,5000,5000,0.0,-0.0,8.0,20
161.3,733.7482962802407,394.95001843109725,219.6277428091084,-1.57,-1.14,5000,5000,5000,5000,0.0,-0.0,8.0,20
161.4,733.7482962802463,394.9500184310851,220.42774280910842,-1.57,-1.14,5000,5000,5000,5000,0.0,-0.0,8.0,20
161.5,733.7482962802512,394.9500184310745,221.22774280910843,-1.57,-1.14,5000,5000,5000,5000,0.0,-0.0,8.0,20
161.6,733.7482962802554,394.95001843106536,222.02774280910845,-1.57,-1.14,5000,5000,5000,5000,0.0,-0.0,8.0,20
161.7,733.7482962802591,394.9500184310574,222.82774280910846,-1.57,-1.14,5000,5000,5000,5000,0.0,-0.0,8.0,20
161.8,733.7482962802623,394.9500184310505,223.62774280910847,-1.57,-1.14,5000,5000,5000,5000,0.0,-0.0,8.0,20
161.9,733.748296280265,394.95001843104455,224.42774280910848,-1.57,-1.14,5000,5000,5000,5000,0.0,-0.0,8.0,20
162.0,733.7482962802674,394.9500184310394,225.2277428091085,-1.57,-1.14,5000,5000,5000,5000,0.0,-0.0,8.0,20
162.1,733.7482962802694,394.9500184310349,226.0277428091085,-1.57,-1.14,5000,5000,5000,5000,0.0,-0.0,8.0,20
162.2,733.7482962802712,394.950018431031,226.8277428091085,-1.57,-1.13,5000,5000,5000,5000,0.0,-0.0,8.0,20
162.3,733.7482962802728,394.9500184310277,227.62774280910853,-1.57,-1.14,5000,5000,5000,5000,0.0,-0.0,8.0,20
162.4,733.7482962802742,394.9500184310248,228.42774280910854,-1.57,-1.14,5000,5000,5000,5000,0.0,-0.0,8.0,20
162.5,733.7482962802753,394.9500184310223,229.22774280910855,-1.57,-1.14,5000,5000,5000,5000,0.0,-0.0,8.0,20
162.6,733.7482962802763,394.95001843102006,230.02774280910856,-1.57,-1.14,5000,5000,5000,5000,0.0,-0.0,8.0,20
162.7,733.7482962802773,394.9500184310182,230.82774280910857,-1.57,-1.14,5000,5000,5000,5000,0.0,-0.0,8.0,20
162.8,733.748296280278,394.95001843101653,231.62774280910858,-1.57,-1.14,5000,5000,5000,5000,0.0,-0.0,8.0,20
162.9,733.7482962802787,394.9500184310151,232.4277428091086,-1.57,-1.14,5000,5000,5000,5000,0.0,-0.0,8.0,20
163.0,733.7482962802793,394.95001843101386,233.2277428091086,-1.57,-1.14,5000,5000,5000,5000,0.0,-0.0,8.0,20
163.1,733.7482962802798,394.9500184310128,234.02774280910862,-1.57,-1.14,5000,5000,5000,5000,0.0,-0.0,8.0,20
163.2,733.7482962802802,394.95001843101187,234.82774280910863,-1.57,-1.14,5000,5000,5000,5000,0.0,-0.0,8.0,20
163.3,733.7482962802806,394.9500184310111,235.62774280910864,-1.57,-1.15,5000,5000,5000,5000,0.0,-0.0,8.0,20
163.4,733.7482962802809,394.9500184310104,236.42774280910865,-1.57,-1.14,5000,5000,5000,5000,0.0,-0.0,8.0,20
163.5,733.7482962802811,394.95001843100977,237.22774280910866,-1.57,-1.15,5000,5000,5000,5000,0.0,-0.0,8.0,20
163.6,733.7482962802814,394.95001843100925,238.02774280910867,-1.57,-1.14,5000,5000,5000,5000,0.0,-0.0,8.0,20
163.7,733.7482962802816,394.9500184310088,238.82774280910868,-1.57,-1.13,5000,5000,5000,5000,0.0,-0.0,8.0,20
163.8,733.7482962802818,394.9500184310084,239.6277428091087,-1.57,-1.14,5000,5000,5000,5000,0.0,-0.0,8.0,20
163.9,733.7482962802819,394.95001843100806,240.4277428091087,-1.57,-1.15,5000,5000,5000,5000,0.0,-0.0,8.0,20
164.0,733.748296280282,394.9500184310078,241.22774280910872,-1.57,-1.14,5000,5000,5000,5000,0.0,-0.0,8.0,20
164.1,733.7482962802821,394.9500184310075,242.02774280910873,-1.57,-1.13,5000,5000,5000,5000,0.0,-0.0,8.0,20
164.2,733.7482962802823,394.95001843100727,242.82774280910874,-1.57,-1.12,5000,5000,5000,5000,0.0,-0.0,8.0,20
164.3,733.7482962802824,394.9500184310071,243.62774280910875,-1.57,-1.12,5000,5000,5000,5000,0.0,-0.0,8.0,20
164.4,733.7482962802825,394.9500184310069,244.42774280910876,-1.57,-1.14,5000,5000,5000,5000,0.0,-0.0,8.0,20
164.5,733.7482962802826,394.95001843100675,245.22774280910878,-1.57,-1.17,5000,5000,5000,5000,0.0,-0.0,8.0,20
164.6,733.7482962802826,394.95001843100664,246.0277428091088,-1.57,-1.21,5000,5000,5000,5000,0.0,-0.0,8.0,20
164.7,733.7482962802826,394.9500184310065,246.8277428091088,-1.57,-1.17,5000,5000,5000,5000,0.0,-0.0,8.0,20
164.8,733.7482962802826,394.9500184310064,247.6277428091088,-1.57,-1.11,5000,5000,5000,5000,0.0,-0.0,8.0,20
164.9,733.7482962802826,394.95001843100636,248.42774280910882,-1.57,-1.03,5000,5000,5000,5000,0.0,-0.0,8.0,20
165.0,733.7482962802826,394.9500184310063,249.22774280910883,-1.57,-0.98,5000,5000,5000,5000,0.0,-0.0,8.0,20
165.1,733.7482962802826,394.95001843100624,250.02774280910884,-1.57,-0.93,5000,5000,5000,5000,0.0,-0.0,8.0,20
165.2,733.7482962802826,394.9500184310062,250.82774280910886,-1.57,-0.86,5000,5000,5000,5000,0.0,-0.0,8.0,20
165.3,733.7482962802826,394.95001843100613,251.62774280910887,-1.57,-0.79,5000,5000,5000,5000,0.0,-0.0,8.0,20
165.4,733.7482962802826,394.9500184310061,252.42774280910888,-1.57,-0.69,5000,5000,5000,5000,0.0,-0.0,8.0,20
165.5,733.7482962802826,394.950018431006,253.2277428091089,-1.57,-0.59,5000,5000,5000,5000,0.0,-0.0,8.0,20
165.6,733.7482962802826,394.950018431006,254.0277428091089,-1.57,-0.46,5000,5000,5000,5000,0.0,-0.0,8.0,20
165.7,733.7482962802826,394.950018431006,254.8277428091089,-1.57,-0.46,5000,5000,5000,5000,0.0,-0.0,8.0,20
165.8,733.7482962802826,394.950018431006,255.62774280910892,-1.57,-0.46,5000,5000,5000,5000,0.0,-0.0,8.0,20
165.9,733.7482962802826,394.950018431006,256.4277428091089,-1.57,-0.46,5000,5000,5000,5000,0.0,-0.0,8.0,20
166.0,733.7482962802826,394.950018431006,257.2277428091089,-1.57,-0.46,5000,5000,5000,5000,0.0,-0.0,8.0,20
166.1,733.7482962802826,394.950018431006,258.02774280910893,-1.57,-0.46,5000,5000,5000,5000,0.0,-0.0,8.0,20
166.2,733.7482962802826,394.950018431006,258.82774280910894,-1.57,-0.46,5000,5000,5000,5000,0.0,-0.0,8.0,20
166.3,733.7482962802826,394.950018431006,259.62774280910895,-1.57,-0.46,5000,5000,5000,5000,0.0,-0.0,8.0,20
166.4,733.7482962802826,394.950018431006,260.42774280910896,-1.57,-0.46,5000,5000,5000,5000,0.0,-0.0,8.0,20
166.5,733.7482962802826,394.950018431006,261.227742809109,-1.57,-0.46,5000,5000,5000,5000,0.0,-0.0,8.0,20
166.6,733.7482962802826,394.950018431006,262.027742809109,-1.57,-0.46,5000,5000,5000,5000,0.0,-0.0,8.0,20
166.7,733.7482962802826,394.950018431006,262.827742809109,-1.57,-0.46,5000,5000,5000,5000,0.0,-0.0,8.0,20
166.8,733.7482962802826,394.950018431006,263.627742809109,-1.57,-0.46,5000,5000,5000,5000,0.0,-0.0,8.0,20
166.9,733.7482962802826,394.950018431006,264.427742809109,-1.57,-0.46,5000,5000,5000,5000,0.0,-0.0,8.0,20
167.0,733.7482962802826,394.950018431006,265.22774280910903,-1.57,-0.46,5000,5000,5000,5000,0.0,-0.0,8.0,20
167.1,733.7482962802826,394.950018431006,266.02774280910904,-1.57,-0.46,5000,5000,5000,5000,0.0,-0.0,8.0,20
167.2,733.7482962802826,394.950018431006,266.82774280910905,-1.57,-0.46,5000,5000,5000,5000,0.0,-0.0,8.0,20
167.3,733.7482962802826,394.950018431006,267.62774280910907,-1.57,-0.46,5000,5000,5000,5000,0.0,-0.0,8.0,20
167.4,733.7482962802826,394.950018431006,268.4277428091091,-1.57,-0.46,5000,5000,5000,5000,0.0,-0.0,8.0,20
167.5,733.7482962802826,394.950018431006,269.2277428091091,-1.57,-0.46,5000,5000,5000,5000,0.0,-0.0,8.0,20
167.6,733.7482962802826,394.950018431006,270.0277428091091,-1.57,-0.46,5000,5000,5000,5000,0.0,-0.0,8.0,20
167.7,733.7482962802826,394.950018431006,270.8277428091091,-1.57,-0.46,5000,5000,5000,5000,0.0,-0.0,8.0,20
167.8,733.7482962802826,394.950018431006,271.6277428091091,-1.57,-0.46,5000,5000,5000,5000,0.0,-0.0,8.0,20
167.9,733.7482962802826,394.950018431006,272.42774280910913,-1.57,-0.46,5000,5000,5000,5000,0.0,-0.0,8.0,20
168.0,733.7482962802826,394.950018431006,273.22774280910915,-1.57,-0.46,5000,5000,5000,5000,0.0,-0.0,8.0,20
168.1,733.7482962802826,394.950018431006,274.02774280910916,-1.57,-0.46,5000,5000,5000,5000,0.0,-0.0,8.0,20
168.2,733.7482962802826,394.950018431006,274.82774280910917,-1.57,-0.46,5000,5000,5000,5000,0.0,-0.0,8.0,20
168.3,733.7482962802826,394.950018431006,275.6277428091092,-1.57,-0.46,5000,5000,5000,5000,0.0,-0.0,8.0,20
168.4,733.7482962802826,394.950018431006,276.4277428091092,-1.57,-0.46,5000,5000,5000,5000,0.0,-0.0,8.0,20
168.5,733.7482962802826,394.950018431006,277.2277428091092,-1.57,-0.46,5000,5000,5000,5000,0.0,-0.0,8.0,20
168.6,733.7482962802826,394.950018431006,278.0277428091092,-1.57,-0.46,5000,5000,5000,5000,0.0,-0.0,8.0,20
168.7,733.7482962802826,394.950018431006,278.8277428091092,-1.57,-0.46,5000,5000,5000,5000,0.0,-0.0,8.0,20
168.8,733.7482962802826,394.950018431006,279.62774280910924,-1.57,-0.46,5000,5000,5000,5000,0.0,-0.0,8.0,20
168.9,733.7482962802826,394.950018431006,280.42774280910925,-1.57,-0.46,5000,5000,5000,5000,0.0,-0.0,8.0,20
169.0,733.7482962802826,394.950018431006,281.22774280910926,-1.57,-0.46,5000,5000,5000,5000,0.0,-0.0,8.0,20
169.1,733.7482962802826,394.950018431006,282.02774280910927,-1.57,-0.46,5000,5000,5000,5000,0.0,-0.0,8.0,20
169.2,733.7482962802826,394.950018431006,282.8277428091093,-1.57,-0.46,5000,5000,5000,5000,0.0,-0.0,8.0,20
169.3,733.7482962802826,394.950018431006,283.6277428091093,-1.57,-0.46,5000,5000,5000,5000,0.0,-0.0,8.0,20
169.4,733.7482962802826,394.950018431006,284.4277428091093,-1.57,-0.46,5000,5000,5000,5000,0.0,-0.0,8.0,20
169.5,733.7482962802826,394.950018431006,285.2277428091093,-1.57,-0.46,5000,5000,5000,5000,0.0,-0.0,8.0,20
169.6,733.7482962802826,394.950018431006,286.0277428091093,-1.57,-0.46,5000,5000,5000,5000,0.0,-0.0,8.0,20
169.7,733.7482962802826,394.950018431006,286.82774280910934,-1.57,-0.46,5000,5000,5000,5000,0.0,-0.0,8.0,20
169.8,733.7482962802826,394.950018431006,287.62774280910935,-1.57,-0.46,5000,5000,5000,5000,0.0,-0.0,8.0,20
169.9,733.7482962802826,394.950018431006,288.42774280910936,-1.57,-0.46,5000,5000,5000,5000,0.0,-0.0,8.0,20
170.0,733.7482962802826,394.950018431006,289.2277428091094,-1.57,-0.46,5000,5000,5000,5000,0.0,-0.0,8.0,20
170.1,733.7482962802826,394.950018431006,290.0277428091094,-1.57,-0.46,5000,5000,5000,5000,0.0,-0.0,8.0,20
170.2,733.7482962802826,394.950018431006,290.8277428091094,-1.57,-0.46,5000,5000,5000,5000,0.0,-0.0,8.0,20
170.3,733.7482962802826,394.950018431006,291.6277428091094,-1.57,-0.46,5000,5000,5000,5000,0.0,-0.0,8.0,20
170.4,733.7482962802826,394.950018431006,292.4277428091094,-1.57,-0.46,5000,5000,5000,5000,0.0,-0.0,8.0,20
170.5,733.7482962802826,394.950018431006,293.22774280910943,-1.57,-0.46,5000,5000,5000,5000,0.0,-0.0,8.0,20
170.6,733.7482962802826,394.950018431006,294.02774280910944,-1.57,-0.46,5000,5000,5000,5000,0.0,-0.0,8.0,20
170.7,733.7482962802826,394.950018431006,294.82774280910945,-1.57,-0.46,5000,5000,5000,5000,0.0,-0.0,8.0,20
170.8,733.7482962802826,394.950018431006,295.62774280910946,-1.57,-0.46,5000,5000,5000,5000,0.0,-0.0,8.0,20
170.9,733.7482962802826,394.950018431006,296.4277428091095,-1.57,-0.46,5000,5000,5000,5000,0.0,-0.0,8.0,20
171.0,733.7482962802826,394.950018431006,297.2277428091095,-1.57,-0.46,5000,5000,5000,5000,0.0,-0.0,8.0,20
171.1,733.7482962802826,394.950018431006,298.0277428091095,-1.57,-0.46,5000,5000,5000,5000,0.0,-0.0,8.0,20
171.2,733.7482962802826,394.950018431006,298.8277428091095,-1.57,-0.46,5000,5000,5000,5000,0.0,-0.0,8.0,20
171.3,733.7482962802826,394.950018431006,299.6277428091095,-1.57,-0.46,5000,5000,5000,5000,0.0,-0.0,8.0,20
171.4,733.7482962802826,394.950018431006,300.42774280910953,-1.57,-0.46,5000,5000,5000,5000,0.0,-0.0,8.0,20
171.5,733.7482962802826,394.950018431006,301.22774280910954,-1.57,-0.46,5000,5000,5000,5000,0.0,-0.0,8.0,20
171.6,733.7482962802826,394.950018431006,302.02774280910955,-1.57,-0.46,5000,5000,5000,5000,0.0,-0.0,8.0,20
171.7,733.7482962802826,394.950018431006,302.82774280910957,-1.57,-0.46,5000,5000,5000,5000,0.0,-0.0,8.0,20
171.8,733.7482962802826,394.950018431006,303.6277428091096,-1.57,-0.46,5000,5000,5000,5000,0.0,-0.0,8.0,20
171.9,733.7482962802826,394.950018431006,304.4277428091096,-1.57,-0.46,5000,5000,5000,5000,0.0,-0.0,8.0,20
172.0,733.7482962802826,394.950018431006,305.2277428091096,-1.57,-0.46,5000,5000,5000,5000,0.0,-0.0,8.0,20
172.1,733.7482962802826,394.950018431006,306.0277428091096,-1.57,-0.46,5000,5000,5000,5000,0.0,-0.0,8.0,20
172.2,733.7482962802826,394.950018431006,306.8277428091096,-1.57,-0.46,5000,5000,5000,5000,0.0,-0.0,8.0,20
172.3,733.7482962802826,394.950018431006,307.62774280910963,-1.57,-0.46,5000,5000,5000,5000,0.0,-0.0,8.0,20
172.4,733.7482962802826,394.950018431006,308.42774280910965,-1.57,-0.46,5000,5000,5000,5000,0.0,-0.0,8.0,20
172.5,733.7482962802826,394.950018431006,309.22774280910966,-1.57,-0.46,5000,5000,5000,5000,0.0,-0.0,8.0,20
172.6,733.7482962802826,394.950018431006,310.02774280910967,-1.57,-0.46,5000,5000,5000,5000,0.0,-0.0,8.0,20
172.7,733.7482962802826,394.950018431006,310.8277428091097,-1.57,-0.46,5000,5000,5000,5000,0.0,-0.0,8.0,20
172.8,733.7482962802826,394.950018431006,311.6277428091097,-1.57,-0.46,5000,5000,5000,5000,0.0,-0.0,8.0,20
172.9,733.7482962802826,394.950018431006,312.4277428091097,-1.57,-0.46,5000,5000,5000,5000,0.0,-0.0,8.0,20
173.0,733.7482962802826,394.950018431006,313.2277428091097,-1.57,-0.46,5000,5000,5000,5000,0.0,-0.0,8.0,20
173.1,733.7482962802826,394.950018431006,314.0277428091097,-1.57,-0.46,5000,5000,5000,5000,0.0,-0.0,8.0,20
173.2,733.7482962802826,394.950018431006,314.82774280910974,-1.57,-0.46,5000,5000,5000,5000,0.0,-0.0,8.0,20
173.3,733.7482962802826,394.950018431006,315.62774280910975,-1.57,-0.46,5000,5000,5000,5000,0.0,-0.0,8.0,20
173.4,733.7482962802826,394.950018431006,316.42774280910976,-1.57,-0.46,5000,5000,5000,5000,0.0,-0.0,8.0,20
173.5,733.7482962802826,394.950018431006,317.22774280910977,-1.57,-0.46,5000,5000,5000,5000,0.0,-0.0,8.0,20
173.6,733.7482962802826,394.950018431006,318.0277428091098,-1.57,-0.46,5000,5000,5000,5000,0.0,-0.0,8.0,20
173.7,733.7482962802826,394.950018431006,318.8277428091098,-1.57,-0.46,5000,5000,5000,5000,0.0,-0.0,8.0,20
173.8,733.7482962802826,394.950018431006,319.6277428091098,-1.57,-0.46,5000,5000,5000,5000,0.0,-0.0,8.0,20
173.9,733.7482962802826,394.950018431006,320.4277428091098,-1.57,-0.46,5000,5000,5000,5000,0.0,-0.0,8.0,20
174.0,733.7482962802826,394.950018431006,321.2277428091098,-1.57,-0.46,5000,5000,5000,5000,0.0,-0.0,8.0,20
174.1,733.7482962802826,394.950018431006,322.02774280910984,-1.57,-0.46,5000,5000,5000,5000,0.0,-0.0,8.0,20
174.2,733.7482962802826,394.950018431006,322.82774280910985,-1.57,-0.46,5000,5000,5000,5000,0.0,-0.0,8.0,20
174.3,733.7482962802826,394.950018431006,323.62774280910986,-1.57,-0.46,5000,5000,5000,5000,0.0,-0.0,8.0,20
174.4,733.7482962802826,394.950018431006,324.4277428091099,-1.57,-0.46,5000,5000,5000,5000,0.0,-0.0,8.0,20
174.5,733.7482962802826,394.950018431006,325.2277428091099,-1.57,-0.46,5000,5000,5000,5000,0.0,-0.0,8.0,20
174.6,733.7482962802826,394.950018431006,326.0277428091099,-1.57,-0.46,5000,5000,5000,5000,0.0,-0.0,8.0,20
174.7,733.7482962802826,394.950018431006,326.8277428091099,-1.57,-0.46,5000,5000,5000,5000,0.0,-0.0,8.0,20
174.8,733.7482962802826,394.950018431006,327.6277428091099,-1.57,-0.46,5000,5000,5000,5000,0.0,-0.0,8.0,20
174.9,733.7482962802826,394.950018431006,328.42774280910993,-1.57,-0.46,5000,5000,5000,5000,0.0,-0.0,8.0,20
175.0,733.7482962802826,394.950018431006,329.22774280910994,-1.57,-0.46,5000,5000,5000,5000,0.0,-0.0,8.0,20
175.1,733.7482962802826,394.950018431006,330.02774280910995,-1.57,-0.46,5000,5000,5000,5000,0.0,-0.0,8.0,20
175.2,733.7482962802826,394.950018431006,330.82774280910996,-1.57,-0.46,5000,5000,5000,5000,0.0,-0.0,8.0,20
175.3,733.7482962802826,394.950018431006,331.62774280911,-1.57,-0.46,5000,5000,5000,5000,0.0,-0.0,8.0,20
175.4,733.7482962802826,394.950018431006,332.42774280911,-1.57,-0.46,5000,5000,5000,5000,0.0,-0.0,8.0,20
175.5,733.7482962802826,394.950018431006,333.22774280911,-1.57,-0.46,5000,5000,5000,5000,0.0,-0.0,8.0,20
175.6,733.7482962802826,394.950018431006,334.02774280911,-1.57,-0.46,5000,5000,5000,5000,0.0,-0.0,8.0,20
175.7,733.7482962802826,394.950018431006,334.82774280911,-1.57,-0.46,5000,5000,5000,5000,0.0,-0.0,8.0,20
175.8,733.7482962802826,394.950018431006,335.62774280911003,-1.57,-0.46,5000,5000,5000,5000,0.0,-0.0,8.0,20
175.9,733.7482962802826,394.950018431006,336.42774280911004,-1.57,-0.46,5000,5000,5000,5000,0.0,-0.0,8.0,20
176.0,733.7482962802826,394.950018431006,337.22774280911005,-1.57,-0.46,5000,5000,5000,5000,0.0,-0.0,8.0,20
176.1,733.7482962802826,394.950018431006,338.02774280911007,-1.57,-0.46,5000,5000,5000,5000,0.0,-0.0,8.0,20
176.2,733.7482962802826,394.950018431006,338.8277428091101,-1.57,-0.46,5000,5000,5000,5000,0.0,-0.0,8.0,20
176.3,733.7482962802826,394.950018431006,339.6277428091101,-1.57,-0.46,5000,5000,5000,5000,0.0,-0.0,8.0,20
176.4,733.7482962802826,394.950018431006,340.4277428091101,-1.57,-0.46,5000,5000,5000,5000,0.0,-0.0,8.0,20
176.5,733.7482962802826,394.950018431006,341.2277428091101,-1.57,-0.46,5000,5000,5000,5000,0.0,-0.0,8.0,20
176.6,733.7482962802826,394.950018431006,342.0277428091101,-1.57,-0.46,5000,5000,5000,5000,0.0,-0.0,8.0,20
176.7,733.7482962802826,394.950018431006,342.82774280911013,-1.57,-0.46,5000,5000,5000,5000,0.0,-0.0,8.0,20
176.8,733.7482962802826,394.950018431006,343.62774280911015,-1.57,-0.46,5000,5000,5000,5000,0.0,-0.0,8.0,20
176.9,733.7482962802826,394.950018431006,344.42774280911016,-1.57,-0.46,5000,5000,5000,5000,0.0,-0.0,8.0,20
177.0,733.7482962802826,394.950018431006,345.22774280911017,-1.57,-0.46,5000,5000,5000,5000,0.0,-0.0,8.0,20
177.1,733.7482962802826,394.950018431006,346.0277428091102,-1.57,-0.46,5000,5000,5000,5000,0.0,-0.0,8.0,20
177.2,733.7482962802826,394.950018431006,346.8277428091102,-1.57,-0.46,5000,5000,5000,5000,0.0,-0.0,8.0,20
177.3,733.7482962802826,394.950018431006,347.6277428091102,-1.57,-0.46,5000,5000,5000,5000,0.0,-0.0,8.0,20
177.4,733.7482962802826,394.950018431006,348.4277428091102,-1.57,-0.46,5000,5000,5000,5000,0.0,-0.0,8.0,20
177.5,733.7482962802826,394.950018431006,349.2277428091102,-1.57,-0.46,5000,5000,5000,5000,0.0,-0.0,8.0,20
177.6,733.7482962802826,394.950018431006,350.02774280911024,-1.57,-0.46,5000,5000,5000,5000,0.0,-0.0,8.0,20
177.7,733.7482962802826,394.950018431006,350.82774280911025,-1.57,-0.46,5000,5000,5000,5000,0.0,-0.0,8.0,20
177.8,733.7482962802826,394.950018431006,351.62774280911026,-1.57,-0.46,5000,5000,5000,5000,0.0,-0.0,8.0,20
177.9,733.7482962802826,394.950018431006,352.42774280911027,-1.57,-0.46,5000,5000,5000,5000,0.0,-0.0,8.0,20
178.0,733.7482962802826,394.950018431006,353.2277428091103,-1.57,-0.46,5000,5000,5000,5000,0.0,-0.0,8.0,20
178.1,733.7482962802826,394.950018431006,354.0277428091103,-1.57,-0.46,5000,5000,5000,5000,0.0,-0.0,8.0,20
178.2,733.7482962802826,394.950018431006,354.8277428091103,-1.57,-0.46,5000,5000,5000,5000,0.0,-0.0,8.0,20
178.3,733.7482962802826,394.950018431006,355.6277428091103,-1.57,-0.46,5000,5000,5000,5000,0.0,-0.0,8.0,20
178.4,733.7482962802826,394.950018431006,356.4277428091103,-1.57,-0.46,5000,5000,5000,5000,0.0,-0.0,8.0,20
178.5,733.7482962802826,394.950018431006,357.22774280911034,-1.57,-0.46,5000,5000,5000,5000,0.0,-0.0,8.0,20
178.6,733.7482962802826,394.950018431006,358.02774280911035,-1.57,-0.46,5000,5000,5000,5000,0.0,-0.0,8.0,20
178.7,733.7482962802826,394.950018431006,358.82774280911036,-1.57,-0.46,5000,5000,5000,5000,0.0,-0.0,8.0,20
178.8,733.7482962802826,394.950018431006,359.6277428091104,-1.57,-0.46,5000,5000,5000,5000,0.0,-0.0,8.0,20
178.9,733.7482962802826,394.950018431006,360.4277428091104,-1.57,-0.46,5000,5000,5000,5000,0.0,-0.0,8.0,20
179.0,733.7482962802826,394.950018431006,361.2277428091104,-1.57,-0.46,5000,5000,5000,5000,0.0,-0.0,8.0,20
179.1,733.7482962802826,394.950018431006,362.0277428091104,-1.57,-0.46,5000,5000,5000,5000,0.0,-0.0,8.0,20
179.2,733.7482962802826,394.950018431006,362.8277428091104,-1.57,-0.46,5000,5000,5000,5000,0.0,-0.0,8.0,20
179.3,733.7482962802826,394.950018431006,363.62774280911043,-1.57,-0.46,5000,5000,5000,5000,0.0,-0.0,8.0,20
179.4,733.7482962802826,394.950018431006,364.42774280911044,-1.57,-0.46,5000,5000,5000,5000,0.0,-0.0,8.0,20
179.5,733.7482962802826,394.950018431006,365.22774280911045,-1.57,-0.46,5000,5000,5000,5000,0.0,-0.0,8.0,20
179.6,733.7482962802826,394.950018431006,366.02774280911046,-1.57,-0.46,5000,5000,5000,5000,0.0,-0.0,8.0,20
179.7,733.7482962802826,394.950018431006,366.8277428091105,-1.57,-0.46,5000,5000,5000,5000,0.0,-0.0,8.0,20
179.8,733.7482962802826,394.950018431006,367.6277428091105,-1.57,-0.46,5000,5000,5000,5000,0.0,-0.0,8.0,20
179.9,733.7482962802826,394.950018431006,368.4277428091105,-1.57,-0.46,5000,5000,5000,5000,0.0,-0.0,8.0,20
180.0,733.7482962802826,394.950018431006,369.2277428091105,-1.57,-0.46,5000,5000,5000,5000,0.0,-0.0,8.0,20
180.1,733.7482962802826,394.950018431006,370.0277428091105,-1.57,-0.46,5000,5000,5000,5000,0.0,-0.0,8.0,20
180.2,733.7482962802826,394.950018431006,370.82774280911053,-1.57,-0.46,5000,5000,5000,5000,0.0,-0.0,8.0,20
180.3,733.7482962802826,394.950018431006,371.62774280911054,-1.57,-0.46,5000,5000,5000,5000,0.0,-0.0,8.0,20
180.4,733.7482962802826,394.950018431006,372.42774280911055,-1.57,-0.46,5000,5000,5000,5000,0.0,-0.0,8.0,20
180.5,733.7482962802826,394.950018431006,373.22774280911057,-1.57,-0.46,5000,5000,5000,5000,0.0,-0.0,8.0,20
180.6,733.7482962802826,394.950018431006,374.0277428091106,-1.57,-0.46,5000,5000,5000,5000,0.0,-0.0,8.0,20
180.7,733.7482962802826,394.950018431006,374.8277428091106,-1.57,-0.46,5000,5000,5000,5000,0.0,-0.0,8.0,20
180.8,733.7482962802826,394.950018431006,375.6277428091106,-1.57,-0.46,5000,5000,5000,5000,0.0,-0.0,8.0,20
180.9,733.7482962802826,394.950018431006,376.4277428091106,-1.57,-0.46,5000,5000,5000,5000,0.0,-0.0,8.0,20
181.0,733.7482962802826,394.950018431006,377.2277428091106,-1.57,-0.46,5000,5000,5000,5000,0.0,-0.0,8.0,20
181.1,733.7482962802826,394.950018431006,378.02774280911063,-1.57,-0.46,5000,5000,5000,5000,0.0,-0.0,8.0,20
181.2,733.7482962802826,394.950018431006,378.82774280911065,-1.57,-0.46,5000,5000,5000,5000,0.0,-0.0,8.0,20
181.3,733.7482962802826,394.950018431006,379.62774280911066,-1.57,-0.46,5000,5000,5000,5000,0.0,-0.0,8.0,20
181.4,733.7482962802826,394.950018431006,380.42774280911067,-1.57,-0.46,5000,5000,5000,5000,0.0,-0.0,8.0,20
181.5,733.7482962802826,394.950018431006,381.2277428091107,-1.57,-0.46,5000,5000,5000,5000,0.0,-0.0,8.0,20
181.6,733.7482962802826,394.950018431006,382.0277428091107,-1.57,-0.46,5000,5000,5000,5000,0.0,-0.0,8.0,20
181.7,733.7482962802826,394.950018431006,382.8277428091107,-1.57,-0.46,5000,5000,5000,5000,0.0,-0.0,8.0,20
181.8,733.7482962802826,394.950018431006,383.6277428091107,-1.57,-0.46,5000,5000,5000,5000,0.0,-0.0,8.0,20
181.9,733.7482962802826,394.950018431006,384.4277428091107,-1.57,-0.46,5000,5000,5000,5000,0.0,-0.0,8.0,20
182.0,733.7482962802826,394.950018431006,385.22774280911074,-1.57,-0.46,5000,5000,5000,5000,0.0,-0.0,8.0,20
182.1,733.7482962802826,394.950018431006,386.02774280911075,-1.57,-0.46,5000,5000,5000,5000,0.0,-0.0,8.0,20
182.2,733.7482962802826,394.950018431006,386.8275196893893,-1.57,-0.46,4996,4996,4996,4996,0.0,-0.0,8.0,20
182.3,733.7482962802826,394.950018431006,387.58464180271966,-1.57,-0.46,4936,4936,4936,4936,0.0,-0.0,7.57,20
182.4,733.7482962802826,394.950018431006,388.3013840700057,-1.57,-0.46,4876,4876,4876,4876,0.0,-0.0,7.17,20
182.5,733.7482962802826,394.950018431006,388.9799000830365,-1.57,-0.46,4816,4816,4816,4816,0.0,-0.0,6.79,20
182.6,733.7482962802826,394.950018431006,389.62222857537233,-1.57,-0.46,4756,4756,4756,4756,0.0,-0.0,6.42,20
182.7,733.7482962802826,394.950018431006,390.23029954811693,-1.57,-0.46,4696,4696,4696,4696,0.0,-0.0,6.08,20
182.8,733.7482962802826,394.950018431006,390.8059400689818,-1.57,-0.46,4636,4636,4636,4636,0.0,-0.0,5.76,20
182.9,733.7482962802826,394.950018431006,391.3508797620672,-1.57,-0.46,4576,4576,4576,4576,0.0,-0.0,5.45,20
183.0,733.7482962802826,394.950018431006,391.8667560048547,-1.57,-0.46,4516,4516,4516,4516,0.0,-0.0,5.16,20
183.1,733.7482962802826,394.950018431006,392.3551188480269,-1.57,-0.46,4456,4456,4456,4456,0.0,-0.0,4.88,20
183.2,733.7482962802826,394.950018431006,392.8174356728966,-1.57,-0.46,4396,4396,4396,4396,0.0,-0.0,4.62,20
183.3,733.7482962802826,394.950018431006,393.25509560043986,-1.57,-0.46,4336,4336,4336,4336,0.0,-0.0,4.38,20
183.4,733.7482962802826,394.950018431006,393.66941366518085,-1.57,-0.46,4276,4276,4276,4276,0.0,-0.0,4.14,20
183.5,733.7482962802826,394.950018431006,394.061634766469,-1.57,-0.46,4216,4216,4216,4216,0.0,-0.0,3.92,20
183.6,733.7482962802826,394.950018431006,394.43293740902175,-1.57,-0.46,4156,4156,4156,4156,0.0,-0.0,3.71,20
183.7,733.7482962802826,394.950018431006,394.7844372439717,-1.57,-0.46,4096,4096,4096,4096,0.0,-0.0,3.51,20
183.8,733.7482962802826,394.950018431006,395.11719042105767,-1.57,-0.46,4036,4036,4036,4036,0.0,-0.0,3.33,20
183.9,733.7482962802826,394.950018431006,395.4321967620324,-1.57,-0.46,3976,3976,3976,3976,0.0,-0.0,3.15,20
184.0,733.7482962802826,394.950018431006,395.73040276482175,-1.57,-0.46,3916,3916,3916,3916,0.0,-0.0,2.98,20
184.1,733.7482962802826,394.950018431006,396.01270444746234,-1.57,-0.46,3856,3856,3856,3856,0.0,-0.0,2.82,20
184.2,733.7482962802826,394.950018431006,396.2799500403621,-1.57,-0.46,3796,3796,3796,3796,0.0,-0.0,2.67,20
184.3,733.7482962802826,394.950018431006,396.5329425349739,-1.57,-0.46,3736,3736,3736,3736,0.0,-0.0,2.53,20
184.4,733.7482962802826,394.950018431006,396.77244209653975,-1.57,-0.46,3676,3676,3676,3676,0.0,-0.0,2.39,20
184.5,733.7482962802826,394.950018431006,396.9991683481554,-1.57,-0.46,3616,3616,3616,3616,0.0,-0.0,2.27,20
184.6,733.7482962802826,394.950018431006,397.2138025330182,-1.57,-0.46,3556,3556,3556,3556,0.0,-0.0,2.15,20
184.7,733.7482962802826,394.950018431006,397.416989561355,-1.57,-0.46,3496,3496,3496,3496,0.0,-0.0,2.03,20
184.8,733.7482962802826,394.950018431006,397.60933994818055,-1.57,-0.46,3436,3436,3436,3436,0.0,-0.0,1.92,20
184.9,733.7482962802826,394.950018431006,397.7914316477087,-1.57,-0.46,3376,3376,3376,3376,0.0,-0.0,1.82,20
185.0,733.7482962802826,394.950018431006,397.9638117899287,-1.57,-0.46,3316,3316,3316,3316,0.0,-0.0,1.72,20
185.1,733.7482962802826,394.950018431006,398.1269983245636,-1.57,-0.46,3256,3256,3256,3256,0.0,-0.0,1.63,20
185.2,733.7482962802826,394.950018431006,398.2814815773513,-1.57,-0.46,3196,3196,3196,3196,0.0,-0.0,1.54,20
185.3,733.7482962802826,394.950018431006,398.4277257233237,-1.57,-0.46,3136,3136,3136,3136,0.0,-0.0,1.46,20
185.4,733.7482962802826,394.950018431006,398.56617018151087,-1.57,-0.46,3076,3076,3076,3076,0.0,-0.0,1.38,20
185.5,733.7482962802826,394.950018431006,398.6972309352614,-1.57,-0.46,3076,3076,3076,3076,0.0,-0.0,1.31,20
185.6,733.7482962802826,394.950018431006,398.82130178214527,-1.57,-0.46,3016,3016,3016,3016,0.0,-0.0,1.24,20
185.7,733.7482962802826,394.950018431006,398.9387555171953,-1.57,-0.46,3076,3076,3076,3076,0.0,-0.0,1.17,20
185.8,733.7482962802826,394.950018431006,399.0499450530427,-1.57,-0.46,3016,3016,3016,3016,0.0,-0.0,1.11,20
185.9,733.584857176155,394.8347463214478,399.2878341939459,-0.06,-2.53,3076,3076,3076,3076,-1.63,-1.15,2.38,20
186.0,733.3887302512019,394.696419789978,399.5066922035769,-0.06,-2.53,3136,3136,3136,3136,-1.96,-1.38,2.19,20
186.1,733.1533779412582,394.5304279522142,399.7080415724374,-0.06,-2.53,3196,3196,3196,3196,-2.35,-1.66,2.01,20
186.2,732.8709551693257,394.33123774689767,399.8932829917891,-0.06,-2.53,3256,3256,3256,3256,-2.82,-1.99,1.85,20
186.3,732.5320478430068,394.0922095005178,400.0637050975926,-0.06,-2.53,3313,3313,3313,3313,-3.39,-2.39,1.7,20
186.4,732.1253590514241,393.805375604862,400.2204934349319,-0.06,-2.53,3253,3253,3253,3253,-4.07,-2.87,1.57,20
186.5,731.6373325015248,393.461174930075,400.36473870528397,-0.06,-2.53,3193,3193,3193,3193,-4.88,-3.44,1.44,20
186.6,731.0517006416458,393.04813412033064,400.49744435400794,-0.06,-2.53,3253,3253,3253,3253,-5.86,-4.13,1.33,20
186.7,730.3489424097909,392.5524851486374,400.619533550834,-0.06,-2.53,3193,3193,3193,3193,-7.03,-4.96,1.22,20
186.8,729.505632531565,391.9577063826055,400.73185561191394,-0.06,-2.53,3253,3253,3253,3253,-8.43,-5.95,1.12,20
186.9,728.4936606776939,391.2439718633673,400.8351919081075,-0.06,-2.53,3193,3193,3193,3193,-10.12,-7.14,1.03,20
187.0,727.2792944530486,390.38749044028134,400.9302613006056,-0.06,-2.53,3253,3253,3253,3253,-12.14,-8.56,0.95,20
187.1,725.8220549834742,389.35971273257826,401.0177251417038,-0.06,-2.53,3313,3313,3313,3313,-14.57,-10.28,0.87,20
187.2,724.1876639421988,388.2069916369967,401.09819187551415,-0.06,-2.53,3288,3288,3288,3288,-16.34,-11.53,0.8,20
187.3,722.5532729009234,387.0542705414151,401.1841624804086,-0.06,-2.53,3348,3348,3348,3348,-16.34,-11.53,0.86,20
187.4,720.918881859648,385.90154944583355,401.2770107336946,-0.06,-2.53,3326,3326,3326,3326,-16.34,-11.53,0.93,20
187.5,719.2844908183725,384.748828350252,401.3772868472435,-0.06,-2.53,3386,3386,3386,3386,-16.34,-11.53,1.0,20
187.6,717.6500997770971,383.5961072546704,401.4855850498763,-0.06,-2.53,3394,3394,3394,3394,-16.34,-11.53,1.08,20
187.7,716.0157087358217,382.44338615908885,401.60254710871976,-0.06,-2.53,3454,3454,3454,3454,-16.34,-11.53,1.17,20
187.8,714.3813176945463,381.2906650635073,401.7288661322707,-0.06,-2.53,3394,3394,3394,3394,-16.34,-11.53,1.26,20
187.9,712.7469266532709,380.1379439679257,401.8652906777057,-0.06,-2.53,3454,3454,3454,3454,-16.34,-11.53,1.36,20
188.0,711.1125356119954,378.98522287234414,402.0126291867755,-0.06,-2.53,3514,3514,3514,3514,-16.34,-11.53,1.47,20
188.1,709.47814457072,377.83250177676257,402.1717547765709,-0.06,-2.53,3574,3574,3574,3574,-16.34,-11.53,1.59,20
188.2,707.8437535294446,376.679780681181,402.34361041354987,-0.06,-2.53,3559,3559,3559,3559,-16.34,-11.53,1.72,20
188.3,706.2093624881692,375.52705958559943,402.5292145014872,-0.06,-2.53,3619,3619,3619,3619,-16.34,-11.53,1.86,20
188.4,704.5749714468938,374.37433849001786,402.7296669164595,-0.06,-2.53,3679,3679,3679,3679,-16.34,-11.53,2.0,20
188.5,702.9405804056183,373.2216173944363,402.9461555246296,-0.06,-2.53,3739,3739,3739,3739,-16.34,-11.53,2.16,20
188.6,701.3061893643429,372.0688962988547,403.1799632214533,-0.06,-2.53,3788,3788,3788,3788,-16.34,-11.53,2.34,20
188.7,699.6717983230675,370.91617520327316,403.4324755340229,-0.06,-2.53,3848,3848,3848,3848,-16.34,-11.53,2.53,20
188.8,698.0374072817921,369.7634541076916,403.7051888315981,-0.05,-2.53,3908,3908,3908,3908,-16.34,-11.53,2.73,20
188.9,696.4030162405166,368.61073301211,403.9997191929793,-0.05,-2.53,3968,3968,3968,3968,-16.34,-11.53,2.95,20
189.0,694.7686251992412,367.45801191652845,404.317811983271,-0.05,-2.53,4028,4028,4028,4028,-16.34,-11.53,3.18,20
189.1,693.1342341579658,366.3052908209469,404.661352196786,-0.05,-2.53,4088,4088,4088,4088,-16.34,-11.53,3.44,20
189.2,691.4998431166904,365.1525697253653,405.03237562738224,-0.05,-2.53,4148,4148,4148,4148,-16.34,-11.53,3.71,20
189.3,689.865452075415,363.99984862978374,405.43308093242615,-0.05,-2.53,4208,4208,4208,4208,-16.34,-11.53,4.01,20
189.4,688.2310610341395,362.8471275342022,405.86584266187356,-0.05,-2.53,4268,4268,4268,4268,-16.34,-11.53,4.33,20
189.5,686.5966699928641,361.6944064386206,406.3332253296768,-0.05,-2.53,4328,4328,4328,4328,-16.34,-11.53,4.67,20
189.6,684.9622789515887,360.54168534303903,406.83799861090426,-0.05,-2.53,4388,4388,4388,4388,-16.34,-11.53,5.05,20
189.7,683.3278879103133,359.38896424745747,407.3831537546299,-0.05,-2.53,4448,4448,4448,4448,-16.34,-11.53,5.45,20
189.8,681.6934968690379,358.2362431518759,407.97192130985366,-0.05,-2.53,4508,4508,4508,4508,-16.34,-11.53,5.89,20
189.9,680.0591058277624,357.0835220562943,408.6077902694953,-0.05,-2.53,4568,4568,4568,4568,-16.34,-11.53,6.36,20
190.0,678.424714786487,355.93080096071276,409.2945287459083,-0.05,-2.53,4628,4628,4628,4628,-16.34,-11.53,6.87,20
190.1,676.7903237452116,354.7780798651312,410.0362063004343,-0.05,-2.53,4688,4688,4688,4688,-16.34,-11.53,7.42,20
190.2,675.1559327039362,353.6253587695496,410.8362063004343,-0.05,-2.53,4748,4748,4748,4748,-16.34,-11.53,8.0,20
190.3,673.5215416626608,352.47263767396805,411.6362063004343,-0.04,-2.53,4808,4808,4808,4808,-16.34,-11.53,8.0,20
190.4,671.8871506213853,351.3199165783865,412.4362063004343,-0.04,-2.53,4868,4868,4868,4868,-16.34,-11.53,8.0,20
190.5,670.2527595801099,350.1671954828049,413.23620630043433,-0.04,-2.53,4928,4928,4928,4928,-16.34,-11.53,8.0,20
190.6,668.6183685388345,349.01447438722334,414.03620630043434,-0.04,-2.53,4988,4988,4988,4988,-16.34,-11.53,8.0,20
190.7,666.9839774975591,347.8617532916418,414.83620630043436,-0.04,-2.53,5000,5000,5000,5000,-16.34,-11.53,8.0,20
190.8,665.3495864562836,346.7090321960602,415.63620630043437,-0.04,-2.53,5000,5000,5000,5000,-16.34,-11.53,8.0,20
190.9,663.7151954150082,345.55631110047864,416.4362063004344,-0.04,-2.53,5000,5000,5000,5000,-16.34,-11.53,8.0,20
191.0,662.0808043737328,344.40359000489707,417.2362063004344,-0.03,-2.53,5000,5000,5000,5000,-16.34,-11.53,8.0,20
191.1,660.4464133324574,343.2508689093155,418.0362063004344,-0.03,-2.53,5000,5000,5000,5000,-16.34,-11.53,8.0,20
191.2,658.812022291182,342.09814781373393,418.8362063004344,-0.03,-2.53,5000,5000,5000,5000,-16.34,-11.53,8.0,20
191.3,657.1776312499065,340.94542671815236,419.60890572172326,-0.03,-2.53,5000,5000,5000,5000,-16.34,-11.53,7.73,20
191.4,655.5432402086311,339.7927056225708,420.34039450721,-0.03,-2.53,5000,5000,5000,5000,-16.34,-11.53,7.31,20
191.5,653.9088491673557,338.6399845269892,421.0328705574708,-0.03,-2.53,5000,5000,5000,5000,-16.34,-11.53,6.92,20
191.6,652.2744581260803,337.48726343140765,421.6884145517177,-0.03,-2.53,4940,4940,4940,4940,-16.34,-11.53,6.56,20
191.7,650.6400670848049,336.3345423358261,422.30899619960474,-0.02,-2.53,4880,4880,4880,4880,-16.34,-11.53,6.21,20
191.8,649.0056760435294,335.1818212402445,422.8964801596045,-0.02,-2.53,4820,4820,4820,4820,-16.34,-11.53,5.87,20
191.9,647.371285002254,334.02910014466295,423.4526316417376,-0.02,-2.53,4760,4760,4760,4760,-16.34,-11.53,5.56,20
192.0,645.7368939609786,332.8763790490814,423.9791217114903,-0.02,-2.53,4700,4700,4700,4700,-16.34,-11.53,5.26,20
192.1,644.1025029197032,331.7236579534998,424.47753231085613,-0.02,-2.53,4640,4640,4640,4640,-16.34,-11.53,4.98,20
192.2,642.4681118784277,330.57093685791824,424.94936101158913,-0.02,-2.53,4580,4580,4580,4580,-16.34,-11.53,4.72,20
192.3,640.8337208371523,329.4182157623367,425.3960255149497,-0.02,-2.53,4520,4520,4520,4520,-16.34,-11.53,4.47,20
192.4,639.1993297958769,328.2654946667551,425.8188679114644,-0.02,-2.53,4460,4460,4460,4460,-16.34,-11.53,4.23,20
192.5,637.5649387546015,327.11277357117353,426.2191587134983,-0.02,-2.53,4400,4400,4400,4400,-16.34,-11.53,4.0,20
192.6,635.9305477133261,325.96005247559197,426.5981006727571,-0.02,-2.53,4340,4340,4340,4340,-16.34,-11.53,3.79,20
192.7,634.2961566720506,324.8073313800104,426.9568323941887,-0.01,-2.53,4280,4280,4280,4280,-16.34,-11.53,3.59,20
192.8,632.6617656307752,323.6546102844288,427.296431757144,-0.01,-2.53,4220,4220,4220,4220,-16.34,-11.53,3.4,20
192.9,631.0273745894998,322.50188918884726,427.61791915407497,-0.01,-2.53,4160,4160,4160,4160,-16.34,-11.53,3.21,20
193.0,629.3929835482244,321.3491680932657,427.922260556503,-0.01,-2.53,4100,4100,4100,4100,-16.34,-11.53,3.04,20
193.1,627.758592506949,320.1964469976841,428.21037041746814,-0.01,-2.53,4040,4040,4040,4040,-16.34,-11.53,2.88,20
193.2,626.1242014656735,319.04372590210255,428.48311441918185,-0.01,-2.53,3980,3980,3980,3980,-16.34,-11.53,2.73,20
193.3,624.4898104243981,317.891004806521,428.7413120741375,-0.01,-2.53,3920,3920,3920,3920,-16.34,-11.53,2.58,20
193.4,622.8554193831227,316.7382837109394,428.98573918749554,-0.01,-2.53,3860,3860,3860,3860,-16.34,-11.53,2.44,20
193.5,621.2210283418473,315.58556261535784,429.21713018814114,-0.01,-2.53,3800,3800,3800,3800,-16.34,-11.53,2.31,20
193.6,619.5866373005719,314.4328415197763,429.43618033541895,-0.01,-2.53,3740,3740,3740,3740,-16.34,-11.53,2.19,20
193.7,617.9522462592964,313.2801204241947,429.6435478081753,-0.01,-2.53,3680,3680,3680,3680,-16.34,-11.53,2.07,20
193.8,616.317855218021,312.12739932861314,429.8398556823846,-0.01,-2.53,3620,3620,3620,3620,-16.34,-11.53,1.96,20
193.9,614.6834641767456,310.97467823303157,430.0256938033028,-0.01,-2.53,3576,3576,3576,3576,-16.34,-11.53,1.86,20
194.0,613.0490731354702,309.82195713745,430.20162055777195,-0.01,-2.53,3608,3608,3608,3608,-16.34,-11.53,1.76,20
194.1,611.4146820941947,308.66923604186843,430.3681645520028,-0.01,-2.53,3548,3548,3548,3548,-16.34,-11.53,1.67,20
194.2,609.7802910529193,307.51651494628686,430.52582619987464,-0.01,-2.53,3488,3488,3488,3488,-16.34,-11.53,1.58,20
194.3,608.1459000116439,306.3637938507053,430.6750792265267,-0.01,-2.53,3548,3548,3548,3548,-16.34,-11.53,1.49,20
194.4,606.5115089703685,305.2110727551237,430.8163720917573,-0.01,-2.53,3488,3488,3488,3488,-16.34,-11.53,1.41,20
194.5,604.8771179290931,304.05835165954215,430.9501293375089,-0.01,-2.53,3428,3428,3428,3428,-16.34,-11.53,1.34,20
194.6,603.2427268878176,302.9056305639606,431.07675286348706,-0.01,-2.53,3488,3488,3488,3488,-16.34,-11.53,1.27,20
194.7,601.6083358465422,301.752909468379,431.1966231347464,-0.01,-2.53,3428,3428,3428,3428,-16.34,-11.53,1.2,20
194.8,599.9739448052668,300.60018837279745,431.31010032487194,-0.01,-2.53,3368,3368,3368,3368,-16.34,-11.53,1.13,20
194.9,598.3395537639914,299.4474672772159,431.4175253981908,-0.0,-2.53,3428,3428,3428,3428,-16.34,-11.53,1.07,20
195.0,596.705162722716,298.2947461816343,431.51922113426593,-0.0,-2.53,3368,3368,3368,3368,-16.34,-11.53,1.02,20
195.1,595.0707716814405,297.14202508605274,431.6154930977504,-0.0,-2.53,3308,3308,3308,3308,-16.34,-11.53,0.96,20
195.2,593.4363806401651,295.98930399047117,431.70663055651573,-0.0,-2.53,3368,3368,3368,3368,-16.34,-11.53,0.91,20
195.3,591.8019895988897,294.8365828948896,431.79290735081355,-0.0,-2.53,3308,3308,3308,3308,-16.34,-11.53,0.86,20
195.4,590.1675985576143,293.68386179930803,431.87458271608216,-0.0,-2.53,3326,3326,3326,3326,-16.34,-11.53,0.82,20
195.5,588.5332075163388,292.53114070372646,431.95190206186976,-0.0,-2.53,3266,3266,3266,3266,-16.34,-11.53,0.77,20
195.6,586.8988164750634,291.3784196081449,432.0250977092154,-0.0,-2.53,3326,3326,3326,3326,-16.34,-11.53,0.73,20
195.7,585.264425433788,290.2256985125633,432.0943895887026,-0.0,-2.53,3266,3266,3266,3266,-16.34,-11.53,0.69,20
195.8,583.6300343925126,289.07297741698176,432.1599859012838,-0.0,-2.53,3263,3263,3263,3263,-16.34,-11.53,0.66,20
195.9,581.9956433512372,287.9202563214002,432.22208374386065,-0.0,-2.53,3222,3222,3222,3222,-16.34,-11.53,0.62,20
196.0,580.3612523099617,286.7675352258186,432.2808697015001,-0.0,-2.53,3282,3282,3282,3282,-16.34,-11.53,0.59,20
196.1,578.7268612686863,285.61481413023705,432.33652040806544,-0.0,-2.53,3222,3222,3222,3222,-16.34,-11.53,0.56,20
196.2,577.0924702274109,284.4620930346555,432.3892030769473,-0.0,-2.53,3250,3250,3250,3250,-16.34,-11.53,0.53,20
196.3,575.4580791861355,283.3093719390739,432.43907600348876,-0.0,-2.53,3190,3190,3190,3190,-16.34,-11.53,0.5,20
196.4,573.8236881448601,282.15665084349234,432.4862890406147,-0.0,-2.53,3250,3250,3250,3250,-16.34,-11.53,0.47,20
196.5,572.1892971035846,281.0039297479108,432.5309840490939,-0.0,-2.53,3190,3190,3190,3190,-16.34,-11.53,0.45,20
196.6,570.5549060623092,279.8512086523292,432.57329532378753,-0.0,-2.53,3229,3229,3229,3229,-16.34,-11.53,0.42,20
196.7,568.9205150210338,278.69848755674764,432.6133499971642,-0.0,-2.53,3169,3169,3169,3169,-16.34,-11.53,0.4,20
196.8,567.2861239797584,277.54576646116607,432.65126842129416,-0.0,-2.53,3229,3229,3229,3229,-16.34,-11.53,0.38,20
196.9,565.651732938483,276.3930453655845,432.68716452947046,-0.0,-2.53,3169,3169,3169,3169,-16.34,-11.53,0.36,20
197.0,564.0173418972075,275.24032427000293,432.7211461785441,-0.0,-2.53,3193,3193,3193,3193,-16.34,-11.53,0.34,20
197.1,562.3829508559321,274.08760317442136,432.7533154730004,-0.0,-2.53,3133,3133,3133,3133,-16.34,-11.53,0.32,20
197.2,560.7485598146567,272.9348820788398,432.7837690717524,-0.0,-2.53,3193,3193,3193,3193,-16.34,-11.53,0.3,20
197.3,559.1141687733813,271.7821609832582,432.8125984785709,-0.0,-2.53,3133,3133,3133,3133,-16.34,-11.53,0.29,20
197.4,557.4797777321058,270.62943988767665,432.83989031702583,-0.0,-2.53,3193,3193,3193,3193,-16.34,-11.53,0.27,20
197.5,555.8453866908304,269.4767187920951,432.86572659076313,-0.0,-2.53,3133,3133,3133,3133,-16.34,-11.53,0.26,20
197.6,554.210995649555,268.3239976965135,432.8901849299011,-0.0,-2.53,3193,3193,3193,3193,-16.34,-11.53,0.24,20
197.7,552.5766046082796,267.17127660093195,432.91333882428506,-0.0,-2.53,3133,3133,3133,3133,-16.34,-11.53,0.23,20
197.8,550.9422135670042,266.0185555053504,432.9352578443019,-0.0,-2.53,3165,3165,3165,3165,-16.34,-11.53,0.22,20
197.9,549.3078225257287,264.8658344097688,432.9560078499178,-0.0,-2.53,3105,3105,3105,3105,-16.34,-11.53,0.21,20
198.0,547.6734314844533,263.71311331418724,432.9756511885675,-0.0,-2.53,3165,3165,3165,3165,-16.34,-11.53,0.2,20
198.1,546.0390404431779,262.56039221860567,432.9942468824892,-0.0,-2.53,3105,3105,3105,3105,-16.34,-11.53,0.19,20
198.2,544.4046494019025,261.4076711230241,433.0118508060685,-0.0,-2.53,3165,3165,3165,3165,-16.34,-11.53,0.18,20
198.3,542.770258360627,260.25495002744253,433.0285158537235,-0.0,-2.53,3105,3105,3105,3105,-16.34,-11.53,0.17,20
198.4,541.1358673193516,259.10222893186096,433.04429209883693,-0.0,-2.53,3165,3165,3165,3165,-16.34,-11.53,0.16,20
198.5,539.5014762780762,257.9495078362794,433.059226944211,-0.0,-2.53,3105,3105,3105,3105,-16.34,-11.53,0.15,20
198.6,537.8670852368008,256.7967867406978,433.0733652644984,-0.0,-2.53,3165,3165,3165,3165,-16.34,-11.53,0.14,20
198.7,536.2326941955254,255.64406564511623,433.0867495410372,-0.0,-2.53,3105,3105,3105,3105,-16.34,-11.53,0.13,20
198.8,534.59830315425,254.49134454953463,433.09941998949387,-0.0,-2.53,3146,3146,3146,3146,-16.34,-11.53,0.13,20
198.9,532.9639121129745,253.33862345395303,433.1114146806995,-0.0,-2.53,3086,3086,3086,3086,-16.34,-11.53,0.12,20
199.0,531.3295210716991,252.18590235837144,433.1227696550409,-0.0,-2.53,3146,3146,3146,3146,-16.34,-11.53,0.11,20
199.1,529.6951300304237,251.03318126278984,433.13351903075073,-0.0,-2.53,3086,3086,3086,3086,-16.34,-11.53,0.11,20
199.2,528.0607389891483,249.88046016720824,433.1436951064227,-0.0,-2.53,3146,3146,3146,3146,-16.34,-11.53,0.1,20
199.3,526.4263479478728,248.72773907162664,433.1533284580588,-0.0,-2.53,3086,3086,3086,3086,-16.34,-11.53,0.1,20
199.4,524.7919569065974,247.57501797604505,433.162448030941,-0.0,-2.53,3146,3146,3146,3146,-16.34,-11.53,0.09,20
199.5,523.157565865322,246.42229688046345,433.17108122660284,-0.0,-2.53,3086,3086,3086,3086,-16.34,-11.53,0.09,20
199.6,521.5231748240466,245.26957578488185,433.1792539851627,-0.0,-2.53,3146,3146,3146,3146,-16.34,-11.53,0.08,20
199.7,519.8887837827712,244.11685468930025,433.18699086326603,-0.0,-2.53,3086,3086,3086,3086,-16.34,-11.53,0.08,20
199.8,518.2543927414957,242.96413359371866,433.1943151078705,-0.0,-2.53,3146,3146,3146,3146,-16.34,-11.53,0.07,20
199.9,516.6200017002203,241.81141249813706,433.2012487260961,-0.0,-2.53,3086,3086,3086,3086,-16.34,-11.53,0.07,20
200.0,514.9856106589449,240.65869140255546,433.2078125513496,-0.0,-2.53,3135,3135,3135,3135,-16.34,-11.53,0.07,20
200.1,513.3512196176695,239.50597030697386,433.21402630592297,-0.0,-2.53,3075,3075,3075,3075,-16.34,-11.53,0.06,20
200.2,511.7168285763941,238.35324921139227,433.21990866025243,-0.0,-2.53,3135,3135,3135,3135,-16.34,-11.53,0.06,20
200.3,510.08243753511874,237.20052811581067,433.22547728901765,-0.0,-2.53,3075,3075,3075,3075,-16.34,-11.53,0.06,20
200.4,508.4480464938434,236.04780702022907,433.2307489242487,-0.0,-2.53,3135,3135,3135,3135,-16.34,-11.53,0.05,20
200.5,506.813655452568,234.89508592464747,433.2357394056008,-0.0,-2.53,3075,3075,3075,3075,-16.34,-11.53,0.05,20
200.6,505.17926441129265,233.74236482906588,433.24046372794743,-0.0,-2.53,3135,3135,3135,3135,-16.34,-11.53,0.05,20
200.7,503.5448733700173,232.58964373348428,433.2449360864356,-0.0,-2.53,3075,3075,3075,3075,-16.34,-11.53,0.04,20
200.8,501.9104823287419,231.43692263790268,433.24916991913767,-0.0,-2.53,3135,3135,3135,3135,-16.34,-11.53,0.04,20
200.9,500.27609128746656,230.28420154232109,433.253177947429,-0.0,-2.53,3075,3075,3075,3075,-16.34,-11.53,0.04,20
201.0,498.6417002461912,229.1314804467395,433.25697221421143,-0.0,-2.53,3135,3135,3135,3135,-16.34,-11.53,0.04,20
201.1,497.0073092049158,227.9787593511579,433.2605641200988,-0.0,-2.53,3075,3075,3075,3075,-16.34,-11.53,0.04,20
201.2,495.37291816364046,226.8260382555763,433.2639644576722,-0.0,-2.53,3132,3132,3132,3132,-16.34,-11.53,0.03,20
201.3,493.7385271223651,225.6733171599947,433.2671834439084,-0.0,-2.53,3072,3072,3072,3072,-16.34,-11.53,0.03,20
201.4,492.10413608108973,224.5205960644131,433.2702307508786,-0.0,-2.53,3132,3132,3132,3132,-16.34,-11.53,0.03,20
201.5,490.46974503981437,223.3678749688315,433.2731155348104,-0.0,-2.53,3072,3072,3072,3072,-16.34,-11.53,0.03,20
201.6,488.835353998539,222.2151538732499,433.2758464635992,-0.0,-2.53,3132,3132,3132,3132,-16.34,-11.53,0.03,20
201.7,487.20096295726364,221.0624327776683,433.27843174285255,-0.0,-2.53,3072,3072,3072,3072,-16.34,-11.53,0.03,20
201.8,485.5665719159883,219.9097116820867,433.2808791405458,-0.0,-2.53,3129,3129,3129,3129,-16.34,-11.53,0.02,20
201.9,483.9321808747129,218.7569905865051,433.283196010362,-0.0,-2.53,3069,3069,3069,3069,-16.34,-11.53,0.02,20
202.0,482.29778983343755,217.6042694909235,433.2853893137881,-0.0,-2.53,3129,3129,3129,3129,-16.34,-11.53,0.02,20
202.1,480.6633987921622,216.45154839534192,433.28746564103136,-0.0,-2.53,3069,3069,3069,3069,-16.34,-11.53,0.02,20
202.2,479.0290077508868,215.29882729976032,433.2894312308217,-0.0,-2.53,3129,3129,3129,3129,-16.34,-11.53,0.02,20
202.3,477.39461670961146,214.14610620417872,433.29129198915655,-0.0,-2.53,3069,3069,3069,3069,-16.34,-11.53,0.02,20
202.4,475.7602256683361,212.99338510859712,433.29305350704686,-0.0,-2.53,3129,3129,3129,3129,-16.34,-11.53,0.02,20
202.5,474.1258346270607,211.84066401301553,433.29472107731635,-0.0,-2.53,3069,3069,3069,3069,-16.34,-11.53,0.02,20
202.6,472.49144358578536,210.68794291743393,433.2962997105048,-0.0,-2.53,3129,3129,3129,3129,-16.34,-11.53,0.02,20
202.7,470.85705254451,209.53522182185233,433.2977941499232,-0.0,-2.53,3069,3069,3069,3069,-16.34,-11.53,0.01,20
202.8,469.22266150323463,208.38250072627073,433.299208885906,-0.0,-2.53,3127,3127,3127,3127,-16.34,-11.53,0.01,20
202.9,467.58827046195927,207.22977963068914,433.30054816930306,-0.0,-2.53,3067,3067,3067,3067,-16.34,-11.53,0.01,20
203.0,465.9538794206839,206.07705853510754,433.3018160242522,-0.0,-2.53,3127,3127,3127,3127,-16.34,-11.53,0.01,20
203.1,464.31948837940854,204.92433743952594,433.3030162602708,-0.0,-2.53,3067,3067,3067,3067,-16.34,-11.53,0.01,20
203.2,462.6850973381332,203.77161634394434,433.30415248370167,-0.0,-2.53,3127,3127,3127,3127,-16.34,-11.53,0.01,20
203.3,461.0507062968578,202.61889524836275,433.3052281085496,-0.0,-2.53,3067,3067,3067,3067,-16.34,-11.53,0.01,20
203.4,459.41631525558245,201.46617415278115,433.30624636673895,-0.0,-2.53,3127,3127,3127,3127,-16.34,-11.53,0.01,20
203.5,457.7819242143071,200.31345305719955,433.30721031782485,-0.0,-2.53,3067,3067,3067,3067,-16.34,-11.53,0.01,20
203.6,456.1475331730317,199.16073196161796,433.3081228581862,-0.0,-2.53,3127,3127,3127,3127,-16.34,-11.53,0.01,20
203.7,454.51314213175635,198.00801086603636,433.3089867297283,-0.0,-2.53,3067,3067,3067,3067,-16.34,-11.53,0.01,20
203.8,452.878751090481,196.85528977045476,433.30980452812145,-0.0,-2.53,3126,3126,3126,3126,-16.34,-11.53,0.01,20
203.9,451.2443600492056,195.70256867487316,433.3105787106003,-0.0,-2.53,3066,3066,3066,3066,-16.34,-11.53,0.01,20
204.0,449.60996900793026,194.54984757929157,433.31131160334695,-0.0,-2.53,3126,3126,3126,3126,-16.34,-11.53,0.01,20
204.1,447.9755779666549,193.39712648370997,433.31200540848045,-0.0,-2.53,3066,3066,3066,3066,-16.34,-11.53,0.01,20
204.2,446.34118692537953,192.24440538812837,433.3126622106735,-0.0,-2.53,3126,3126,3126,3126,-16.34,-11.53,0.01,20
204.3,444.70679588410417,191.09168429254677,433.3132839834163,-0.0,-2.53,3066,3066,3066,3066,-16.34,-11.53,0.01,20
204.4,443.0724048428288,189.93896319696518,433.3138725949461,-0.0,-2.53,3126,3126,3126,3126,-16.34,-11.53,0.01,20
204.5,441.43801380155344,188.78624210138358,433.31442981386095,-0.0,-2.53,3066,3066,3066,3066,-16.34,-11.53,0.01,20
204.6,439.8036227602781,187.63352100580198,433.3149573144337,-0.0,-2.53,3126,3126,3126,3126,-16.34,-11.53,0.01,20
204.7,438.1692317190027,186.48079991022038,433.31545668164256,-0.0,-2.53,3066,3066,3066,3066,-16.34,-11.53,0.0,20
204.8,436.53484067772735,185.3280788146388,433.3159294159336,-0.0,-2.53,3125,3125,3125,3125,-16.34,-11.53,0.0,20
204.9,434.900449636452,184.1753577190572,433.31637693772916,-0.0,-2.53,3065,3065,3065,3065,-16.34,-11.53,0.0,20
205.0,433.2660585951766,183.0226366234756,433.3168005916956,-0.0,-2.53,3125,3125,3125,3125,-16.34,-11.53,0.0,20
205.1,431.63166755390125,181.869915527894,433.31720165078383,-0.0,-2.53,3065,3065,3065,3065,-16.34,-11.53,0.0,20
205.2,429.9972765126259,180.7171944323124,433.31758132005405,-0.0,-2.53,3125,3125,3125,3125,-16.34,-11.53,0.0,20
205.3,428.3628854713505,179.5644733367308,433.3179407402965,-0.0,-2.53,3065,3065,3065,3065,-16.34,-11.53,0.0,20
205.4,426.72849443007516,178.4117522411492,433.31828099145935,-0.0,-2.53,3125,3125,3125,3125,-16.34,-11.53,0.0,20
205.5,425.0941033887998,177.2590311455676,433.31860309589354,-0.0,-2.53,3065,3065,3065,3065,-16.34,-11.53,0.0,20
205.6,423.45971234752443,176.106310049986,433.31890802142453,-0.0,-2.53,3125,3125,3125,3125,-16.34,-11.53,0.0,20
205.7,421.82532130624907,174.9535889544044,433.3191966842606,-0.0,-2.53,3065,3065,3065,3065,-16.34,-11.53,0.0,20
205.8,420.1909302649737,173.8008678588228,433.31946995174536,-0.0,-2.53,3125,3125,3125,3125,-16.34,-11.53,0.0,20
205.9,418.55653922369834,172.64814676324124,433.3197286449643,-0.0,-2.53,3065,3065,3065,3065,-16.34,-11.53,0.0,20
206.0,416.922148182423,171.49542566765967,433.31997354121154,-0.0,-2.53,3125,3125,3125,3125,-16.34,-11.53,0.0,20
206.1,415.2877571411476,170.34270457207808,433.3202053763256,-0.0,-2.53,3065,3065,3065,3065,-16.34,-11.53,0.0,20
206.2,413.65336609987224,169.18998347649648,433.3204248469002,-0.0,-2.53,3125,3125,3125,3125,-16.34,-11.53,0.0,20
206.3,412.0189750585969,168.0372623809149,433.32063261237755,-0.0,-2.53,3065,3065,3065,3065,-16.34,-11.53,0.0,20
206.4,410.3845840173215,166.88454128533334,433.32082929702943,-0.0,-2.53,3125,3125,3125,3125,-16.34,-11.53,0.0,20
206.5,408.75019297604615,165.73182018975177,433.3210154918332,-0.0,-2.53,3065,3065,3065,3065,-16.34,-11.53,0.0,20
206.6,407.1158019347708,164.5790990941702,433.3211917562474,-0.0,-2.53,3125,3125,3125,3125,-16.34,-11.53,0.0,20
206.7,405.4814108934954,163.4263779985886,433.32135861989286,-0.0,-2.53,3065,3065,3065,3065,-16.34,-11.53,0.0,20
206.8,403.84701985222006,162.273656903007,433.3215165841439,-0.0,-2.53,3125,3125,3125,3125,-16.34,-11.53,0.0,20
206.9,402.2126288109447,161.12093580742544,433.32166612363494,-0.0,-2.53,3065,3065,3065,3065,-16.34,-11.53,0.0,20
207.0,400.57823776966933,159.96821471184387,433.32180768768643,-0.0,-2.53,3125,3125,3125,3125,-16.34,-11.53,0.0,20
207.1,398.94384672839396,158.8154936162623,433.32194170165513,-0.0,-2.53,3065,3065,3065,3065,-16.34,-11.53,0.0,20
207.2,397.3094556871186,157.66277252068073,433.3220685682122,-0.0,-2.53,3125,3125,3125,3125,-16.34,-11.53,0.0,20
207.3,395.67506464584324,156.51005142509916,433.3221886685529,-0.0,-2.53,3065,3065,3065,3065,-16.34,-11.53,0.0,20
207.4,394.04067360456787,155.35733032951757,433.32230236354206,-0.0,-2.53,3125,3125,3125,3125,-16.34,-11.53,0.0,20
207.5,392.4062825632925,154.20460923393597,433.3224099947985,-0.0,-2.53,3065,3065,3065,3065,-16.34,-11.53,0.0,20
207.6,390.77189152201714,153.0518881383544,433.3225118857212,-0.0,-2.53,3125,3125,3125,3125,-16.34,-11.53,0.0,20
207.7,389.1375004807418,151.89916704277283,433.3226083424614,-0.0,-2.53,3065,3065,3065,3065,-16.34,-11.53,0.0,20
207.8,387.5031094394664,150.74644594719126,433.32269965484215,-0.0,-2.53,3125,3125,3125,3125,-16.34,-11.53,0.0,20
207.9,385.86871839819105,149.59372485160966,433.32278609722925,-0.0,-2.53,3065,3065,3065,3065,-16.34,-11.53,0.0,20
208.0,384.2343273569157,148.44100375602807,433.3228679293557,-0.0,-2.53,3125,3125,3125,3125,-16.34,-11.53,0.0,20
208.1,382.5999363156403,147.2882826604465,433.3229453971021,-0.0,-2.53,3065,3065,3065,3065,-16.34,-11.53,0.0,20
208.2,380.96554527436496,146.13556156486493,433.32301873323536,-0.0,-2.53,3125,3125,3125,3125,-16.34,-11.53,0.0,20
208.3,379.3311542330896,144.98284046928336,433.32308815810813,-0.0,-2.53,3065,3065,3065,3065,-16.34,-11.53,0.0,20
208.4,377.6967631918142,143.8301193737018,433.32315388032106,-0.0,-2.53,3125,3125,3125,3125,-16.34,-11.53,0.0,20
208.5,376.06237215053886,142.67739827812022,433.3232160973493,-0.0,-2.53,3065,3065,3065,3065,-16.34,-11.53,0.0,20
208.6,374.4279811092635,141.52467718253865,433.32327499613604,-0.0,-2.53,3125,3125,3125,3125,-16.34,-11.53,0.0,20
208.7,372.79359006798813,140.37195608695706,433.32333075365415,-0.0,-2.53,3065,3065,3065,3065,-16.34,-11.53,0.0,20
208.8,371.15919902671277,139.21923499137546,433.3233835374379,-0.0,-2.53,3125,3125,3125,3125,-16.34,-11.53,0.0,20
208.9,369.5248079854374,138.0665138957939,433.32343350608653,-0.0,-2.53,3065,3065,3065,3065,-16.34,-11.53,0.0,20
209.0,367.89041694416204,136.91379280021232,433.3234808097406,-0.0,-2.53,3125,3125,3125,3125,-16.34,-11.53,0.0,20
209.1,366.2560259028867,135.76107170463075,433.3235255905331,-0.0,-2.53,3065,3065,3065,3065,-16.34,-11.53,0.0,20
209.2,364.6216348616113,134.60835060904915,433.3235679830167,-0.0,-2.53,3125,3125,3125,3125,-16.34,-11.53,0.0,20
209.3,362.98724382033595,133.45562951346756,433.3236081145678,-0.0,-2.53,3065,3065,3065,3065,-16.34,-11.53,0.0,20
209.4,361.3528527790606,132.302908417886,433.3236461057695,-0.0,-2.53,3125,3125,3125,3125,-16.34,-11.53,0.0,20
209.5,359.7184617377852,131.15018732230442,433.3236820707738,-0.0,-2.53,3065,3065,3065,3065,-16.34,-11.53,0.0,20
209.6,358.08407069650985,129.99746622672285,433.32371611764455,-0.0,-2.53,3125,3125,3125,3125,-16.34,-11.53,0.0,20
209.7,356.4496796552345,128.84474513114128,433.32374834868216,-0.0,-2.53,3065,3065,3065,3065,-16.34,-11.53,0.0,20
209.8,354.8152886139591,127.6920240355597,433.3237788607311,-0.0,-2.53,3125,3125,3125,3125,-16.34,-11.53,0.0,20
209.9,353.18089757268376,126.53930293997811,433.3238077454708,-0.0,-2.53,3065,3065,3065,3065,-16.34,-11.53,0.0,20
210.0,351.5465065314084,125.38658184439653,433.32383508969104,-0.0,-2.53,3125,3125,3125,3125,-16.34,-11.53,0.0,20
210.1,349.91211549013303,124.23386074881495,433.32386097555286,-0.0,-2.53,3065,3065,3065,3065,-16.34,-11.53,0.0,20
210.2,348.27772444885767,123.08113965323336,433.3238854808354,-0.0,-2.53,3125,3125,3125,3125,-16.34,-11.53,0.0,20
210.3,346.6433334075823,121.92841855765178,433.3239086791695,-0.0,-2.53,3065,3065,3065,3065,-16.34,-11.53,0.0,20
210.4,345.00894236630694,120.7756974620702,433.32393064025916,-0.0,-2.53,3125,3125,3125,3125,-16.34,-11.53,0.0,20
210.5,343.3745513250316,119.62297636648861,433.3239514300907,-0.0,-2.53,3065,3065,3065,3065,-16.34,-11.53,0.0,20
210.6,341.7401602837562,118.47025527090703,433.3239711111312,-0.0,-2.53,3125,3125,3125,3125,-16.34,-11.53,0.0,20
210.7,340.10576924248085,117.31753417532545,433.3239897425162,-0.0,-2.53,3065,3065,3065,3065,-16.34,-11.53,0.0,20
210.8,338.4713782012055,116.16481307974387,433.32400738022733,-0.0,-2.53,3125,3125,3125,3125,-16.34,-11.53,0.0,20
210.9,336.8369871599301,115.01209198416228,433.32402407726056,-0.0,-2.53,3065,3065,3065,3065,-16.34,-11.53,0.0,20
211.0,335.20259611865475,113.8593708885807,433.32403988378536,-0.0,-2.53,3125,3125,3125,3125,-16.34,-11.53,0.0,20
211.1,333.5682050773794,112.70664979299912,433.3240548472955,-0.0,-2.53,3065,3065,3065,3065,-16.34,-11.53,0.0,20
211.2,331.933814036104,111.55392869741753,433.32406901275175,-0.0,-2.53,3125,3125,3125,3125,-16.34,-11.53,0.0,20
211.3,330.29942299482866,110.40120760183595,433.32408242271697,-0.0,-2.53,3065,3065,3065,3065,-16.34,-11.53,0.0,20
211.4,328.6650319535533,109.24848650625437,433.3240951174841,-0.0,-2.53,3125,3125,3125,3125,-16.34,-11.53,0.0,20
211.5,327.03064091227793,108.09576541067278,433.3241071351969,-0.0,-2.53,3065,3065,3065,3065,-16.34,-11.53,0.0,20
211.6,325.39624987100257,106.9430443150912,433.3241185119651,-0.0,-2.53,3125,3125,3125,3125,-16.34,-11.53,0.0,20
211.7,323.7618588297272,105.79032321950962,433.32412928197226,-0.0,-2.53,3065,3065,3065,3065,-16.34,-11.53,0.0,20
211.8,322.12746778845184,104.63760212392803,433.3241394775791,-0.0,-2.53,3125,3125,3125,3125,-16.34,-11.53,0.0,20
211.9,320.4930767471765,103.48488102834645,433.3241491294202,-0.0,-2.53,3065,3065,3065,3065,-16.34,-11.53,0.0,20
212.0,318.8586857059011,102.33215993276487,433.32415826649645,-0.0,-2.53,3125,3125,3125,3125,-16.34,-11.53,0.0,20
212.1,317.22429466462575,101.17943883718328,433.32416691626196,-0.0,-2.53,3065,3065,3065,3065,-16.34,-11.53,0.0,20
212.2,315.5899036233504,100.0267177416017,433.3241751047067,-0.0,-2.53,3125,3125,3125,3125,-16.34,-11.53,0.0,20
212.3,313.955512582075,98.87399664602012,433.32418285643433,-0.0,-2.53,3065,3065,3065,3065,-16.34,-11.53,0.0,20
212.4,312.32112154079965,97.72127555043853,433.3241901947365,-0.0,-2.53,3125,3125,3125,3125,-16.34,-11.53,0.0,20
212.5,310.6867304995243,96.56855445485695,433.3241971416626,-0.0,-2.53,3065,3065,3065,3065,-16.34,-11.53,0.0,20
212.6,309.0523394582489,95.41583335927537,433.3242037180859,-0.0,-2.53,3125,3125,3125,3125,-16.34,-11.53,0.0,20
212.7,307.41794841697356,94.26311226369378,433.3242099437667,-0.0,-2.53,3065,3065,3065,3065,-16.34,-11.53,0.0,20
212.8,305.7835573756982,93.1103911681122,433.32421583741115,-0.0,-2.53,3125,3125,3125,3125,-16.34,-11.53,0.0,20
212.9,304.14916633442283,91.95767007253062,433.3242214167279,-0.0,-2.53,3065,3065,3065,3065,-16.34,-11.53,0.0,20
213.0,302.51477529314747,90.80494897694903,433.3242266984811,-0.0,-2.53,3125,3125,3125,3125,-16.34,-11.53,0.0,20
213.1,300.8803842518721,89.65222788136745,433.32423169854076,-0.0,-2.53,3065,3065,3065,3065,-16.34,-11.53,0.0,20
213.2,299.24599321059674,88.49950678578587,433.3242364319306,-0.0,-2.53,3125,3125,3125,3125,-16.34,-11.53,0.0,20
213.3,297.6116021693214,87.34678569020429,433.324240912873,-0.0,-2.53,3065,3065,3065,3065,-16.34,-11.53,0.0,20
213.4,295.977211128046,86.1940645946227,433.3242451548318,-0.0,-2.53,3125,3125,3125,3125,-16.34,-11.53,0.0,20
213.5,294.34282008677064,85.04134349904112,433.3242491705528,-0.0,-2.53,3065,3065,3065,3065,-16.34,-11.53,0.0,20
213.6,292.7084290454953,83.88862240345954,433.324252972102,-0.0,-2.53,3125,3125,3125,3125,-16.34,-11.53,0.0,20
213.7,291.0740380042199,82.73590130787795,433.32425657090187,-0.0,-2.53,3065,3065,3065,3065,-16.34,-11.53,0.0,20
213.8,289.43964696294455,81.58318021229637,433.3242599777658,-0.0,-2.53,3125,3125,3125,3125,-16.34,-11.53,0.0,20
213.9,287.8052559216692,80.43045911671479,433.3242632029303,-0.0,-2.53,3065,3065,3065,3065,-16.34,-11.53,0.0,20
214.0,286.1708648803938,79.2777380211332,433.32426625608605,-0.0,-2.53,3125,3125,3125,3125,-16.34,-11.53,0.0,20
214.1,284.53647383911846,78.12501692555162,433.3242691464068,-0.0,-2.53,3065,3065,3065,3065,-16.34,-11.53,0.0,20
214.2,282.9020827978431,76.97229582997005,433.3242718825771,-0.0,-2.53,3125,3125,3125,3125,-16.34,-11.53,0.0,20
214.3,281.26769175656773,75.81957473438848,433.32427447281833,-0.0,-2.53,3065,3065,3065,3065,-16.34,-11.53,0.0,20
214.4,279.63330071529236,74.66685363880691,433.32427692491336,-0.0,-2.53,3125,3125,3125,3125,-16.34,-11.53,0.0,20
214.5,277.998909674017,73.51413254322534,433.32427924623,-0.0,-2.53,3065,3065,3065,3065,-16.34,-11.53,0.0,20
214.6,276.36451863274164,72.36141144764377,433.3242814437431,-0.0,-2.53,3125,3125,3125,3125,-16.34,-11.53,0.0,20
214.7,274.73012759146627,71.2086903520622,433.32428352405543,-0.0,-2.53,3065,3065,3065,3065,-16.34,-11.53,0.0,20
214.8,273.0957365501909,70.05596925648064,433.3242854934178,-0.0,-2.53,3125,3125,3125,3125,-16.34,-11.53,0.0,20
214.9,271.46134550891554,68.90324816089907,433.3242873577475,-0.0,-2.53,3065,3065,3065,3065,-16.34,-11.53,0.0,20
215.0,269.8269544676402,67.7505270653175,433.3242891226463,-0.0,-2.53,3125,3125,3125,3125,-16.34,-11.53,0.0,20
215.1,268.1925634263648,66.59780596973593,433.32429079341716,-0.0,-2.53,3065,3065,3065,3065,-16.34,-11.53,0.0,20
215.2,266.55817238508945,65.44508487415436,433.32429237508023,-0.0,-2.53,3125,3125,3125,3125,-16.34,-11.53,0.0,20
215.3,264.9398995150614,64.30373177775402,433.32429387238795,-0.0,-2.53,3065,3065,3065,3065,-16.18,-11.41,0.0,20
215.4,263.53739636103717,63.31455909420706,433.32429528983926,-0.0,-2.53,3005,3005,3005,3005,-14.03,-9.89,0.0,20
215.5,262.32189362754946,62.45727610179969,433.3242966316932,-0.0,-2.53,2945,2945,2945,2945,-12.16,-8.57,0.0,20
215.6,261.26845792519345,61.71429750837997,433.32429790198154,-0.0,-2.53,2934,2934,2934,2934,-10.53,-7.43,0.0,20
215.7,260.3554803164849,61.07038272741622,433.3242991045212,-0.0,-2.53,2874,2874,2874,2874,-9.13,-6.44,0.0,20
215.8,259.5642330556041,60.51232325058096,433.3243002429254,-0.0,-2.53,2912,2912,2912,2912,-7.91,-5.58,0.0,20
215.9,258.87848542950746,60.028671703990405,433.3243013206147,-0.0,-2.53,2852,2852,2852,2852,-6.86,-4.84,0.0,20
216.0,258.2841708202237,59.60950703027859,433.3243023408273,-0.0,-2.53,2792,2792,2792,2792,-5.94,-4.19,0.0,20
216.1,258.1613280257992,60.74834041827798,433.24430089212547,0.67,1.68,2732,2732,2732,2732,-1.23,11.39,-0.8,20
216.2,258.02454188416334,62.016437792977634,433.1578993275275,0.67,1.68,2672,2672,2672,2672,-1.37,12.68,-0.86,20
216.3,257.86860063329556,63.46211561141696,433.0645856377617,0.67,1.68,2732,2732,2732,2732,-1.56,14.46,-0.93,20
216.4,257.68787277731064,65.1375815392422,432.9638068528146,0.68,1.68,2708,2708,2708,2708,-1.81,16.75,-1.01,20
216.5,257.47604899322494,67.10132714450322,432.85496576507177,0.68,1.68,2768,2768,2768,2768,-2.12,19.64,-1.09,20
216.6,257.2615587725744,69.08979236804757,432.7374173903095,0.68,1.68,2708,2708,2708,2708,-2.14,19.88,-1.18,20
216.7,257.04706855192387,71.07825759159192,432.6104651455662,0.68,1.68,2725,2725,2725,2725,-2.14,19.88,-1.27,20
216.8,256.83257833127334,73.06672281513627,432.4733567212435,0.69,1.68,2665,2665,2665,2665,-2.14,19.88,-1.37,20
216.9,256.6180881106228,75.05518803868063,432.32527962297496,0.69,1.68,2605,2605,2605,2605,-2.14,19.88,-1.48,20
217.0,256.4035978899723,77.04365326222498,432.16535635684494,0.69,1.68,2664,2664,2664,2664,-2.14,19.88,-1.6,20
217.1,256.18910766932174,79.03211848576933,431.9926392294245,0.69,1.68,2604,2604,2604,2604,-2.14,19.88,-1.73,20
217.2,255.9746174486712,81.02058370931368,431.8061047318105,0.7,1.68,2544,2544,2544,2544,-2.14,19.88,-1.87,20
217.3,255.76012722802068,83.00904893285804,431.6046474743873,0.7,1.68,2484,2484,2484,2484,-2.14,19.88,-2.01,20
217.4,255.54563700737015,84.99751415640239,431.3870736363703,0.7,1.68,2424,2424,2424,2424,-2.14,19.88,-2.18,20
217.5,255.33114678671961,86.98597937994674,431.1520938913119,0.7,1.68,2364,2364,2364,2364,-2.14,19.88,-2.35,20
217.6,255.11665656606908,88.9744446034911,430.8983157666488,0.71,1.68,2304,2304,2304,2304,-2.14,19.88,-2.54,20
217.7,254.90216634541855,90.96290982703545,430.6242353920127,0.71,1.68,2244,2244,2244,2244,-2.14,19.88,-2.74,20
217.8,254.68767612476802,92.9513750505798,430.3282285874057,0.71,1.68,2184,2184,2184,2184,-2.14,19.88,-2.96,20
217.9,254.47318590411749,94.93984027412415,430.00854123843015,0.71,1.68,2124,2124,2124,2124,-2.14,19.88,-3.2,20
218.0,254.25869568346695,96.9283054976685,429.66327890153656,0.72,1.68,2100,2100,2100,2100,-2.14,19.88,-3.45,20
218.1,254.04420546281642,98.91677072121286,429.29039557769147,0.72,1.68,2100,2100,2100,2100,-2.14,19.88,-3.73,20
218.2,253.8297152421659,100.90523594475721,428.8876815879388,0.72,1.68,2100,2100,2100,2100,-2.14,19.88,-4.03,20
218.3,253.61522502151536,102.89370116830156,428.4527504790059,0.72,1.68,2100,2100,2100,2100,-2.14,19.88,-4.35,20
218.4,253.40073480086483,104.88216639184591,427.98302488135835,0.73,1.68,2100,2100,2100,2100,-2.14,19.88,-4.7,20
218.5,253.1862445802143,106.87063161539027,427.475721235899,0.73,1.68,2100,2100,2100,2100,-2.14,19.88,-5.07,20
218.6,252.97175435956376,108.85909683893462,426.9278332988029,0.73,1.68,2100,2100,2100,2100,-2.14,19.88,-5.48,20
218.7,252.75726413891323,110.84756206247897,426.3361143267391,0.73,1.68,2100,2100,2100,2100,-2.14,19.88,-5.92,20
218.8,252.5427739182627,112.83602728602332,425.69705783691023,0.74,1.68,2100,2100,2100,2100,-2.14,19.88,-6.39,20
218.9,252.32828369761216,114.82449250956768,425.00687682789504,0.74,1.68,2100,2100,2100,2100,-2.14,19.88,-6.9,20
219.0,252.11379347696163,116.81295773311203,424.26148133815866,0.74,1.68,2100,2100,2100,2100,-2.14,19.88,-7.45,20
219.1,251.8993032563111,118.80142295665638,423.46148133815865,0.74,1.68,2100,2100,2100,2100,-2.14,19.88,-8.0,20
219.2,251.68481303566057,120.78988818020073,422.66148133815864,0.74,1.68,2100,2100,2100,2100,-2.14,19.88,-8.0,20
219.3,251.47032281501004,122.77835340374509,421.8614813381586,0.75,1.68,2100,2100,2100,2100,-2.14,19.88,-8.0,20
219.4,251.2558325943595,124.76681862728944,421.0614813381586,0.75,1.68,2100,2100,2100,2100,-2.14,19.88,-8.0,20
219.5,251.04134237370897,126.75528385083379,420.2614813381586,0.75,1.68,2100,2100,2100,2100,-2.14,19.88,-8.0,20
219.6,250.82685215305844,128.74374907437814,419.4614813381586,0.75,1.68,2100,2100,2100,2100,-2.14,19.88,-8.0,20
219.7,250.6123619324079,130.7322142979225,418.6614813381586,0.75,1.68,2100,2100,2100,2100,-2.14,19.88,-8.0,20
219.8,250.39787171175738,132.72067952146685,417.86148133815857,0.76,1.68,2100,2100,2100,2100,-2.14,19.88,-8.0,20
219.9,250.18338149110684,134.7091447450112,417.06148133815856,0.76,1.68,2100,2100,2100,2100,-2.14,19.88,-8.0,20
220.0,249.9688912704563,136.69760996855555,416.26148133815855,0.76,1.68,2100,2100,2100,2100,-2.14,19.88,-8.0,20
220.1,249.75440104980578,138.6860751920999,415.46148133815853,0.76,1.68,2100,2100,2100,2100,-2.14,19.88,-8.0,20
220.2,249.53991082915525,140.67454041564426,414.6614813381585,0.77,1.68,2100,2100,2100,2100,-2.14,19.88,-8.0,20
220.3,249.32542060850471,142.6630056391886,413.8614813381585,0.77,1.68,2100,2100,2100,2100,-2.14,19.88,-8.0,20
220.4,249.11093038785418,144.65147086273296,413.0614813381585,0.77,1.68,2100,2100,2100,2100,-2.14,19.88,-8.0,20
220.5,248.89644016720365,146.63993608627732,412.2614813381585,0.77,1.68,2100,2100,2100,2100,-2.14,19.88,-8.0,20
220.6,248.68194994655312,148.62840130982167,411.4614813381585,0.77,1.68,2100,2100,2100,2100,-2.14,19.88,-8.0,20
220.7,248.4674597259026,150.61686653336602,410.66148133815847,0.78,1.68,2100,2100,2100,2100,-2.14,19.88,-8.0,20
220.8,248.25296950525205,152.60533175691037,409.86148133815846,0.78,1.68,2100,2100,2100,2100,-2.14,19.88,-8.0,20
220.9,248.03847928460152,154.59379698045473,409.06148133815844,0.78,1.68,2100,2100,2100,2100,-2.14,19.88,-8.0,20
221.0,247.823989063951,156.58226220399908,408.26148133815843,0.78,1.68,2100,2100,2100,2100,-2.14,19.88,-8.0,20
221.1,247.60949884330046,158.57072742754343,407.4614813381584,0.79,1.68,2100,2100,2100,2100,-2.14,19.88,-8.0,20
221.2,247.3950086226499,160.55919265108778,406.6614813381584,0.79,1.68,2100,2100,2100,2100,-2.14,19.88,-8.0,20
221.3,247.18051840199936,162.54765787463214,405.8614813381584,0.79,1.68,2100,2100,2100,2100,-2.14,19.88,-8.0,20
221.4,246.9660281813488,164.5361230981765,405.0614813381584,0.79,1.68,2100,2100,2100,2100,-2.14,19.88,-8.0,20
221.5,246.75153796069827,166.52458832172084,404.2614813381584,0.8,1.68,2100,2100,2100,2100,-2.14,19.88,-8.0,20
221.6,246.5370477400477,168.5130535452652,403.46148133815836,0.8,1.68,2100,2100,2100,2100,-2.14,19.88,-8.0,20
221.7,246.32255751939718,170.50151876880955,402.66148133815835,0.8,1.68,2100,2100,2100,2100,-2.14,19.88,-8.0,20
221.8,246.10806729874662,172.4899839923539,401.86148133815834,0.8,1.68,2100,2100,2100,2100,-2.14,19.88,-8.0,20
221.9,245.8935770780961,174.47844921589825,401.06148133815833,0.81,1.68,2100,2100,2100,2100,-2.14,19.88,-8.0,20
222.0,245.67908685744553,176.4669144394426,400.2614813381583,0.81,1.68,2100,2100,2100,2100,-2.14,19.88,-8.0,20
222.1,245.464596636795,178.45537966298696,399.4614813381583,0.81,1.68,2100,2100,2100,2100,-2.14,19.88,-8.0,20
222.2,245.25010641614443,180.4438448865313,398.6614813381583,0.81,1.68,2100,2100,2100,2100,-2.14,19.88,-8.0,20
222.3,245.0356161954939,182.43231011007566,397.8614813381583,0.82,1.68,2100,2100,2100,2100,-2.14,19.88,-8.0,20
222.4,244.82112597484334,184.42077533362,397.0614813381583,0.82,1.68,2100,2100,2100,2100,-2.14,19.88,-8.0,20
222.5,244.60663575419278,186.40924055716437,396.26148133815826,0.82,1.68,2100,2100,2100,2100,-2.14,19.88,-8.0,20
222.6,244.39214553354225,188.39770578070872,395.46148133815825,0.83,1.68,2100,2100,2100,2100,-2.14,19.88,-8.0,20
222.7,244.17765531289172,190.38617100425307,394.66148133815824,0.83,1.68,2100,2100,2100,2100,-2.14,19.88,-8.0,20
222.8,243.96316509224116,192.37463622779742,393.8614813381582,0.83,1.68,2100,2100,2100,2100,-2.14,19.88,-8.0,20
222.9,243.7486748715906,194.36310145134178,393.0614813381582,0.83,1.68,2100,2100,2100,2100,-2.14,19.88,-8.0,20
223.0,243.53418465094006,196.35156667488613,392.2614813381582,0.84,1.68,2100,2100,2100,2100,-2.14,19.88,-8.0,20
223.1,243.31969443028953,198.34003189843048,391.4614813381582,0.84,1.68,2100,2100,2100,2100,-2.14,19.88,-8.0,20
223.2,243.10520420963897,200.32849712197483,390.6614813381582,0.84,1.68,2100,2100,2100,2100,-2.14,19.88,-8.0,20
223.3,242.8907139889884,202.3169623455192,389.86148133815817,0.85,1.68,2100,2100,2100,2100,-2.14,19.88,-8.0,20
223.4,242.67622376833788,204.30542756906354,389.06148133815816,0.85,1.68,2100,2100,2100,2100,-2.14,19.88,-8.0,20
223.5,242.46173354768732,206.2938927926079,388.26148133815815,0.85,1.68,2100,2100,2100,2100,-2.14,19.88,-8.0,20
223.6,242.24724332703678,208.28235801615224,387.46148133815814,0.86,1.68,2100,2100,2100,2100,-2.14,19.88,-8.0,20
223.7,242.03275310638622,210.2708232396966,386.6614813381581,0.86,1.68,2100,2100,2100,2100,-2.14,19.88,-8.0,20
223.8,241.8182628857357,212.25928846324095,385.8614813381581,0.86,1.68,2100,2100,2100,2100,-2.14,19.88,-8.0,20
223.9,241.60377266508513,214.2477536867853,385.0614813381581,0.87,1.68,2100,2100,2100,2100,-2.14,19.88,-8.0,20
224.0,241.3892824444346,216.23621891032965,384.2614813381581,0.87,1.68,2100,2100,2100,2100,-2.14,19.88,-8.0,20
224.1,241.17479222378404,218.224684133874,383.4614813381581,0.87,1.68,2100,2100,2100,2100,-2.14,19.88,-8.0,20
224.2,240.9603020031335,220.21314935741836,382.66148133815807,0.88,1.68,2100,2100,2100,2100,-2.14,19.88,-8.0,20
224.3,240.74581178248295,222.2016145809627,381.86148133815806,0.88,1.68,2100,2100,2100,2100,-2.14,19.88,-8.0,20
224.4,240.5313215618324,224.19007980450706,381.06148133815805,0.88,1.68,2100,2100,2100,2100,-2.14,19.88,-8.0,20
224.5,240.31683134118185,226.17854502805142,380.26148133815803,0.89,1.68,2100,2100,2100,2100,-2.14,19.88,-8.0,20
224.6,240.10234112053132,228.16701025159577,379.461481338158,0.89,1.68,2100,2100,2100,2100,-2.14,19.88,-8.0,20
224.7,239.88785089988076,230.15547547514012,378.661481338158,0.89,1.68,2100,2100,2100,2100,-2.14,19.88,-8.0,20
224.8,239.67336067923023,232.14394069868447,377.861481338158,0.9,1.68,2100,2100,2100,2100,-2.14,19.88,-8.0,20
224.9,239.45887045857967,234.13240592222883,377.061481338158,0.9,1.68,2100,2100,2100,2100,-2.14,19.88,-8.0,20
225.0,239.24438023792914,236.12087114577318,376.261481338158,0.91,1.68,2100,2100,2100,2100,-2.14,19.88,-8.0,20
225.1,239.02989001727857,238.10933636931753,375.46148133815797,0.91,1.68,2100,2100,2100,2100,-2.14,19.88,-8.0,20
225.2,238.81539979662804,240.09780159286188,374.66148133815796,0.91,1.68,2100,2100,2100,2100,-2.14,19.88,-8.0,20
225.3,238.60090957597748,242.08626681640624,373.86148133815794,0.92,1.68,2100,2100,2100,2100,-2.14,19.88,-8.0,20
225.4,238.38641935532695,244.0747320399506,373.06148133815793,0.92,1.68,2100,2100,2100,2100,-2.14,19.88,-8.0,20
225.5,238.1719291346764,246.06319726349494,372.2614813381579,0.93,1.68,2100,2100,2100,2100,-2.14,19.88,-8.0,20
225.6,237.95743891402586,248.0516624870393,371.4614813381579,0.93,1.68,2100,2100,2100,2100,-2.14,19.88,-8.0,20
225.7,237.7429486933753,250.04012771058365,370.6614813381579,0.93,1.68,2100,2100,2100,2100,-2.14,19.88,-8.0,20
225.8,237.52845847272476,252.028592934128,369.8614813381579,0.94,1.68,2100,2100,2100,2100,-2.14,19.88,-8.0,20
225.9,237.3139682520742,254.01705815767235,369.0614813381579,0.94,1.68,2100,2100,2100,2100,-2.14,19.88,-8.0,20
226.0,237.09947803142367,256.0055233812167,368.26148133815786,0.95,1.68,2100,2100,2100,2100,-2.14,19.88,-8.0,20
226.1,236.8849878107731,257.993988604761,367.46148133815785,0.95,1.68,2100,2100,2100,2100,-2.14,19.88,-8.0,20
226.2,236.67049759012258,259.9824538283053,366.66148133815784,0.96,1.68,2100,2100,2100,2100,-2.14,19.88,-8.0,20
226.3,236.45600736947202,261.97091905184965,365.86148133815783,0.96,1.68,2100,2100,2100,2100,-2.14,19.88,-8.0,20
226.4,236.2415171488215,263.959384275394,365.0614813381578,0.97,1.68,2100,2100,2100,2100,-2.14,19.88,-8.0,20
226.5,236.02702692817095,265.9478494989383,364.2614813381578,0.97,1.68,2100,2100,2100,2100,-2.14,19.88,-8.0,20
226.6,235.8125367075204,267.9363147224826,363.4614813381578,0.97,1.68,2100,2100,2100,2100,-2.14,19.88,-8.0,20
226.7,235.59804648686986,269.92477994602694,362.6614813381578,0.98,1.68,2100,2100,2100,2100,-2.14,19.88,-8.0,20
226.8,235.3835562662193,271.91324516957127,361.8614813381578,0.98,1.68,2100,2100,2100,2100,-2.14,19.88,-8.0,20
226.9,235.16906604556877,273.9017103931156,361.06148133815776,0.99,1.68,2100,2100,2100,2100,-2.14,19.88,-8.0,20
227.0,234.95457582491824,275.8901756166599,360.26148133815775,0.99,1.68,2100,2100,2100,2100,-2.14,19.88,-8.0,20
227.1,234.74008560426768,277.87864084020424,359.46148133815774,1.0,1.68,2100,2100,2100,2100,-2.14,19.88,-8.0,20
227.2,234.52559538361714,279.86710606374857,358.6614813381577,1.01,1.68,2100,2100,2100,2100,-2.14,19.88,-8.0,20
227.3,234.31110516296658,281.8555712872929,357.8614813381577,1.01,1.68,2100,2100,2100,2100,-2.14,19.88,-8.0,20
227.4,234.09661494231605,283.8440365108372,357.0614813381577,1.02,1.68,2100,2100,2100,2100,-2.14,19.88,-8.0,20
227.5,233.88212472166552,285.83250173438154,356.2614813381577,1.02,1.68,2100,2100,2100,2100,-2.14,19.88,-8.0,20
227.6,233.66763450101496,287.82096695792586,355.4614813381577,1.03,1.68,2100,2100,2100,2100,-2.14,19.88,-8.0,20
227.7,233.45314428036443,289.8094321814702,354.66148133815767,1.03,1.68,2100,2100,2100,2100,-2.14,19.88,-8.0,20
227.8,233.23865405971387,291.7978974050145,353.86148133815766,1.04,1.68,2100,2100,2100,2100,-2.14,19.88,-8.0,20
227.9,233.02416383906333,293.78636262855883,353.06148133815765,1.04,1.68,2100,2100,2100,2100,-2.14,19.88,-8.0,20
228.0,232.8096736184128,295.77482785210316,352.26148133815764,1.05,1.68,2100,2100,2100,2100,-2.14,19.88,-8.0,20
228.1,232.59518339776224,297.7632930756475,351.4614813381576,1.06,1.68,2100,2100,2100,2100,-2.14,19.88,-8.0,20
228.2,232.3806931771117,299.7517582991918,350.6614813381576,1.06,1.68,2100,2100,2100,2100,-2.14,19.88,-8.0,20
228.3,232.16620295646115,301.74022352273613,349.8614813381576,1.07,1.68,2100,2100,2100,2100,-2.14,19.88,-8.0,20
228.4,231.95171273581062,303.72868874628045,349.0614813381576,1.07,1.68,2100,2100,2100,2100,-2.14,19.88,-8.0,20
228.5,231.73722251516008,305.7171539698248,348.2614813381576,1.08,1.68,2100,2100,2100,2100,-2.14,19.88,-8.0,20
228.6,231.52273229450952,307.7056191933691,347.46148133815757,1.09,1.68,2100,2100,2100,2100,-2.14,19.88,-8.0,20
228.7,231.308242073859,309.6940844169134,346.66148133815756,1.09,1.68,2100,2100,2100,2100,-2.14,19.88,-8.0,20
228.8,231.09375185320843,311.68254964045775,345.86148133815755,1.1,1.68,2100,2100,2100,2100,-2.14,19.88,-8.0,20
228.9,230.8792616325579,313.6710148640021,345.06148133815753,1.11,1.68,2100,2100,2100,2100,-2.14,19.88,-8.0,20
229.0,230.66477141190737,315.6594800875464,344.2614813381575,1.11,1.68,2100,2100,2100,2100,-2.14,19.88,-8.0,20
229.1,230.4502811912568,317.6479453110907,343.4614813381575,1.12,1.68,2100,2100,2100,2100,-2.14,19.88,-8.0,20
229.2,230.23579097060627,319.63641053463505,342.6614813381575,1.13,1.68,2100,2100,2100,2100,-2.14,19.88,-8.0,20
229.3,230.0213007499557,321.62487575817937,341.8614813381575,1.14,1.68,2100,2100,2100,2100,-2.14,19.88,-8.0,20
229.4,229.80681052930518,323.6133409817237,341.0614813381575,1.14,1.68,2100,2100,2100,2100,-2.14,19.88,-8.0,20
229.5,229.59232030865462,325.601806205268,340.26148133815747,1.15,1.68,2100,2100,2100,2100,-2.14,19.88,-8.0,20
229.6,229.3778300880041,327.59027142881234,339.46148133815745,1.16,1.68,2100,2100,2100,2100,-2.14,19.88,-8.0,20
229.7,229.16333986735356,329.57873665235667,338.66148133815744,1.17,1.68,2100,2100,2100,2100,-2.14,19.88,-8.0,20
229.8,228.948849646703,331.567201875901,337.86148133815743,1.17,1.68,2100,2100,2100,2100,-2.14,19.88,-8.0,20
229.9,228.73435942605246,333.5556670994453,337.0614813381574,1.18,1.68,2100,2100,2100,2100,-2.14,19.88,-8.0,20
230.0,228.5198692054019,335.54413232298964,336.2614813381574,1.19,1.68,2100,2100,2100,2100,-2.14,19.88,-8.0,20
230.1,228.30537898475137,337.53259754653396,335.4614813381574,1.2,1.68,2100,2100,2100,2100,-2.14,19.88,-8.0,20
230.2,228.09088876410084,339.5210627700783,334.6614813381574,1.21,1.68,2100,2100,2100,2100,-2.14,19.88,-8.0,20
230.3,227.87639854345028,341.5095279936226,333.8614813381574,1.21,1.68,2100,2100,2100,2100,-2.14,19.88,-8.0,20
230.4,227.66190832279975,343.49799321716694,333.06148133815736,1.22,1.68,2100,2100,2100,2100,-2.14,19.88,-8.0,20
230.5,227.4474181021492,345.48645844071126,332.26148133815735,1.23,1.68,2100,2100,2100,2100,-2.14,19.88,-8.0,20
230.6,227.23292788149865,347.4749236642556,331.46148133815734,1.24,1.68,2100,2100,2100,2100,-2.14,19.88,-8.0,20
230.7,227.01843766084812,349.4633888877999,330.66148133815733,1.25,1.68,2100,2100,2100,2100,-2.14,19.88,-8.0,20
230.8,226.80394744019756,351.45185411134423,329.8614813381573,1.26,1.68,2100,2100,2100,2100,-2.14,19.88,-8.0,20
230.9,226.58945721954703,353.44031933488856,329.0614813381573,1.27,1.68,2100,2100,2100,2100,-2.14,19.88,-8.0,20
231.0,226.37496699889647,355.4287845584329,328.2614813381573,1.28,1.68,2100,2100,2100,2100,-2.14,19.88,-8.0,20
231.1,226.16047677824594,357.4172497819772,327.4614813381573,1.29,1.68,2100,2100,2100,2100,-2.14,19.88,-8.0,20
231.2,225.9459865575954,359.40571500552153,326.6614813381573,1.3,1.68,2100,2100,2100,2100,-2.14,19.88,-8.0,20
231.3,225.73149633694484,361.39418022906585,325.86148133815726,1.31,1.68,2100,2100,2100,2100,-2.14,19.88,-8.0,20
231.4,225.5170061162943,363.3826454526102,325.06148133815725,1.32,1.68,2100,2100,2100,2100,-2.14,19.88,-8.0,20
231.5,225.30251589564375,365.3711106761545,324.26148133815724,1.33,1.68,2100,2100,2100,2100,-2.14,19.88,-8.0,20
231.6,225.08802567499322,367.3595758996988,323.4614813381572,1.34,1.68,2100,2100,2100,2100,-2.14,19.88,-8.0,20
231.7,224.8735354543427,369.34804112324315,322.6614813381572,1.35,1.68,2100,2100,2100,2100,-2.14,19.88,-8.0,20
231.8,224.65904523369213,371.3365063467875,321.8614813381572,1.36,1.68,2100,2100,2100,2100,-2.14,19.88,-8.0,20
231.9,224.4445550130416,373.3249715703318,321.0614813381572,1.37,1.68,2100,2100,2100,2100,-2.14,19.88,-8.0,20
232.0,224.23006479239103,375.3134367938761,320.2614813381572,1.38,1.68,2100,2100,2100,2100,-2.14,19.88,-8.0,20
232.1,224.0155745717405,377.30190201742045,319.46148133815717,1.39,1.68,2100,2100,2100,2100,-2.14,19.88,-8.0,20
232.2,223.80108435108997,379.29036724096477,318.66148133815716,1.4,1.68,2100,2100,2100,2100,-2.14,19.88,-8.0,20
232.3,223.5865941304394,381.2788324645091,317.86148133815715,1.41,1.68,2100,2100,2100,2100,-2.14,19.88,-8.0,20
232.4,223.37210390978888,383.2672976880534,317.06148133815714,1.42,1.68,2100,2100,2100,2100,-2.14,19.88,-8.0,20
232.5,223.15761368913832,385.25576291159774,316.2614813381571,1.43,1.68,2100,2100,2100,2100,-2.14,19.88,-8.0,20
232.6,222.94312346848778,387.24422813514207,315.4614813381571,1.45,1.68,2100,2100,2100,2100,-2.14,19.88,-8.0,20
232.7,222.72863324783725,389.2326933586864,314.6614813381571,1.46,1.68,2100,2100,2100,2100,-2.14,19.88,-8.0,20
232.8,222.5141430271867,391.2211585822307,313.8614813381571,1.47,1.68,2100,2100,2100,2100,-2.14,19.88,-8.0,20
232.9,222.31612340814465,393.0569305109012,313.0614813381571,1.48,1.68,2100,2100,2100,2100,-1.98,18.36,-8.0,20
233.0,222.14450640497486,394.64793284908234,312.26148133815707,1.49,1.68,2100,2100,2100,2100,-1.72,15.91,-8.0,20
233.1,221.99577166889438,396.0268015421726,311.46148133815706,1.5,1.68,2100,2100,2100,2100,-1.49,13.79,-8.0,20
233.2,221.86686823095798,397.2218210761842,310.66148133815705,1.51,1.68,2100,2100,2100,2100,-1.29,11.95,-8.0,20
233.3,221.75515191807975,398.25750467232757,309.86148133815703,1.52,1.68,2100,2100,2100,2100,-1.12,10.36,-8.0,20
233.4,221.6583311135853,399.1550971223185,309.061481338157,1.53,1.68,2100,2100,2100,2100,-0.97,8.98,-8.0,20
233.5,221.5744197496901,399.93301057897736,308.261481338157,1.53,1.68,2100,2100,2100,2100,-0.84,7.78,-8.0,20
233.6,221.5016965676476,400.607202241415,307.461481338157,1.54,1.68,2100,2100,2100,2100,-0.73,6.74,-8.0,20
233.7,221.43866980987744,401.19150168219426,306.661481338157,1.54,1.68,2100,2100,2100,2100,-0.63,5.84,-8.0,20
233.8,221.38404661980996,401.69789453086963,305.861481338157,1.55,1.68,2100,2100,2100,2100,-0.55,5.06,-8.0,20
233.9,221.33670652175147,402.136768333055,305.06148133815697,1.55,1.68,2100,2100,2100,2100,-0.47,4.39,-8.0,20
234.0,221.29567843676745,402.51712562828226,304.26148133815695,1.55,1.68,2100,2100,2100,2100,-0.41,3.8,-8.0,20
234.1,221.26012076311463,402.84676861747926,303.46148133815694,1.55,1.68,2100,2100,2100,2100,-0.36,3.3,-8.0,20
234.2,221.22930411261552,403.13245920811664,302.66148133815693,1.56,1.68,2100,2100,2100,2100,-0.31,2.86,-8.0,20
234.3,221.20259634884962,403.38005772000236,301.8614813381569,1.56,1.68,2100,2100,2100,2100,-0.27,2.48,-8.0,20
234.4,221.1794496202525,403.59464309697,301.0614813381569,1.56,1.68,2100,2100,2100,2100,-0.23,2.15,-8.0,20
234.5,221.15938912213502,403.78061709034193,300.2614813381569,1.56,1.68,2100,2100,2100,2100,-0.2,1.86,-8.0,20
234.6,221.14200335709987,403.9417945512643,299.4614813381569,1.56,1.68,2100,2100,2100,2100,-0.17,1.61,-8.0,20
234.7,221.1269356940694,404.0814816840637,298.6614813381569,1.56,1.68,2100,2100,2100,2100,-0.15,1.4,-8.0,20
234.8,221.11387705277633,404.20254386582315,297.86148133815686,1.56,1.68,2100,2100,2100,2100,-0.13,1.21,-8.0,20
234.9,221.10255956365566,404.307464423348,297.06148133815685,1.57,1.68,2100,2100,2100,2100,-0.11,1.05,-8.0,20
235.0,221.0927510730844,404.3983955732029,296.26148133815684,1.57,1.68,2100,2100,2100,2100,-0.1,0.91,-8.0,20
235.1,221.084250381256,404.4772025697438,295.46148133815683,1.57,1.68,2100,2100,2100,2100,-0.09,0.79,-8.0,20
235.2,221.0768831150047,404.5455019667459,294.6614813381568,1.57,1.68,2100,2100,2100,2100,-0.07,0.68,-8.0,20
235.3,221.07049815092026,404.6046947774811,293.8614813381568,1.57,1.68,2100,2100,2100,2100,-0.06,0.59,-8.0,20
235.4,221.0649645153804,404.65599521345155,293.0614813381568,1.57,1.68,2100,2100,2100,2100,-0.06,0.51,-8.0,20
235.5,221.06016869791253,404.7004555912926,292.2614813381568,1.57,1.68,2100,2100,2100,2100,-0.05,0.44,-8.0,20
235.6,221.0560123227737,404.7389879187549,291.4614813381568,1.57,1.68,2100,2100,2100,2100,-0.04,0.39,-8.0,20
235.7,221.05241013098671,404.7723826025555,290.66148133815676,1.57,1.68,2100,2100,2100,2100,-0.04,0.33,-8.0,20
235.8,221.049288231438,404.80132466184943,289.86148133815675,1.57,1.68,2100,2100,2100,2100,-0.03,0.29,-8.0,20
235.9,221.04658258516244,404.8264077799041,289.06148133815674,1.57,1.68,2100,2100,2100,2100,-0.03,0.25,-8.0,20
236.0,221.04423769172362,404.84814648221817,288.2614813381567,1.57,1.68,2100,2100,2100,2100,-0.02,0.22,-8.0,20
236.1,221.04220545074332,404.86698669089037,287.4614813381567,1.57,1.68,2100,2100,2100,2100,-0.02,0.19,-8.0,20
236.2,221.04044417522707,404.8833148717396,286.6614813381567,1.57,1.68,2100,2100,2100,2100,-0.02,0.16,-8.0,20
236.3,221.0389177364463,404.89746596180896,285.8614813381567,1.57,1.68,2100,2100,2100,2100,-0.02,0.14,-8.0,20
236.4,221.0375948228363,404.9097302398691,285.0614813381567,1.57,1.68,2100,2100,2100,2100,-0.01,0.12,-8.0,20
236.5,221.03644829770764,404.9203592808545,284.26148133815667,1.57,1.68,2100,2100,2100,2100,-0.01,0.11,-8.0,20
236.6,221.03545464259614,404.9295711163752,283.46148133815666,1.57,1.68,2100,2100,2100,2100,-0.01,0.09,-8.0,20
236.7,221.03459347483283,404.9375547071598,282.66148133815665,1.57,1.68,2100,2100,2100,2100,-0.01,0.08,-8.0,20
236.8,221.03384712943796,404.9444738191731,281.86148133815664,1.57,1.68,2100,2100,2100,2100,-0.01,0.07,-8.0,20
236.9,221.0332002967624,404.95047038291796,281.0614813381566,1.57,1.68,2100,2100,2100,2100,-0.01,0.06,-8.0,20
237.0,221.03263970844358,404.9556674048302,280.2614813381566,1.57,1.68,2100,2100,2100,2100,-0.01,0.05,-8.0,20
237.1,221.03215386523394,404.9601714904875,279.4614813381566,1.57,1.68,2100,2100,2100,2100,-0.0,0.05,-8.0,20
237.2,221.03173280111892,404.96407503139045,278.6614813381566,1.57,1.68,2100,2100,2100,2100,-0.0,0.04,-8.0,20
237.3,221.0313678788859,404.967458100173,277.8614813381566,1.57,1.68,2100,2100,2100,2100,-0.0,0.03,-8.0,20
237.4,221.03105161295062,404.9703900931179,277.06148133815657,1.57,1.68,2100,2100,2100,2100,-0.0,0.03,-8.0,20
237.5,221.0307775158067,404.9729311536701,276.26148133815656,1.57,1.68,2100,2100,2100,2100,-0.0,0.03,-8.0,20
237.6,221.03053996494864,404.9751334061487,275.46148133815655,1.57,1.68,2100,2100,2100,2100,-0.0,0.02,-8.0,20
237.7,221.03033408753834,404.9770420249635,274.66148133815653,1.57,1.68,2100,2100,2100,2100,-0.0,0.02,-8.0,20
237.8,221.0301556604494,404.9786961612697,273.8614813381565,1.57,1.68,2100,2100,2100,2100,-0.0,0.02,-8.0,20
237.9,221.030001023639,404.98012974606837,273.0614813381565,1.57,1.68,2100,2100,2100,2100,-0.0,0.01,-8.0,20
238.0,221.02986700506997,404.9813721862272,272.2614813381565,1.57,1.68,2100,2100,2100,2100,-0.0,0.01,-8.0,20
238.1,221.0297508556435,404.9824489676982,271.4614813381565,1.57,1.68,2100,2100,2100,2100,-0.0,0.01,-8.0,20
238.2,221.0296501928072,404.9833821783064,270.6614813381565,1.57,1.68,2100,2100,2100,2100,-0.0,0.01,-8.0,20
238.3,221.0295629516824,404.9841909608335,269.86148133815647,1.57,1.68,2100,2100,2100,2100,-0.0,0.01,-8.0,20
238.4,221.0294873427076,404.9848919056903,269.06148133815645,1.57,1.68,2100,2100,2100,2100,-0.0,0.01,-8.0,20
238.5,221.02942181492944,404.98549939123285,268.26148133815644,1.57,1.68,2100,2100,2100,2100,-0.0,0.01,-8.0,20
238.6,221.02936502418837,404.9860258787031,267.46148133815643,1.57,1.68,2100,2100,2100,2100,-0.0,0.01,-8.0,20
238.7,221.0293158055461,404.986482167844,266.6614813381564,1.57,1.68,2100,2100,2100,2100,-0.0,0.0,-8.0,20
238.8,221.02927314938947,404.98687761843274,265.8614813381564,1.57,1.68,2100,2100,2100,2100,-0.0,0.0,-8.0,20
238.9,221.02923618072037,404.9872203422763,265.0614813381564,1.57,1.68,2100,2100,2100,2100,-0.0,0.0,-8.0,20
239.0,221.02920414120717,404.9875173696074,264.2614813381564,1.57,1.68,2100,2100,2100,2100,-0.0,0.0,-8.0,20
239.1,221.02917637362907,404.98777479329436,263.4614813381564,1.57,1.68,2100,2100,2100,2100,-0.0,0.0,-8.0,20
239.2,221.0291523083947,404.9879978938231,262.66148133815636,1.57,1.68,2100,2100,2100,2100,-0.0,0.0,-8.0,20
239.3,221.02913145185826,404.9881912476146,261.86148133815635,1.57,1.68,2100,2100,2100,2100,-0.0,0.0,-8.0,20
239.4,221.02911337619332,404.9883588209006,261.06148133815634,1.57,1.68,2100,2100,2100,2100,-0.0,0.0,-8.0,20
239.5,221.02909771061707,404.9885040510818,260.26148133815633,1.57,1.68,2100,2100,2100,2100,-0.0,0.0,-8.0,20
239.6,221.0290841337843,404.9886299172388,259.4614813381563,1.57,1.68,2100,2100,2100,2100,-0.0,0.0,-8.0,20
239.7,221.0290723671959,404.9887390012416,258.6614813381563,1.57,1.68,2100,2100,2100,2100,-0.0,0.0,-8.0,20
239.8,221.02906216948597,404.9888335407107,257.8614813381563,1.57,1.68,2100,2100,2100,2100,-0.0,0.0,-8.0,20
239.9,221.0290533314707,404.98891547491723,257.0614813381563,1.57,1.68,2100,2100,2100,2100,-0.0,0.0,-8.0,20
240.0,221.02904567185743,404.9889864845629,256.2614813381563,1.57,1.68,2100,2100,2100,2100,-0.0,0.0,-8.0,20
240.1,221.02903903352595,404.9890480262558,255.46148133815626,1.57,1.68,2100,2100,2100,2100,-0.0,0.0,-8.0,20
240.2,221.02903328030533,404.98910136238965,254.66148133815625,1.57,1.68,2100,2100,2100,2100,-0.0,0.0,-8.0,20
240.3,221.0290282941808,404.989147587039,253.86148133815624,1.57,1.68,2100,2100,2100,2100,-0.0,0.0,-8.0,20
240.4,221.02902397287286,404.98918764840175,253.06148133815623,1.57,1.68,2100,2100,2100,2100,-0.0,0.0,-8.0,20
240.5,221.02902022773932,404.9892223682495,252.26148133815622,1.57,1.68,2100,2100,2100,2100,-0.0,0.0,-8.0,20
240.6,221.02901698195691,404.98925245878416,251.4614813381562,1.57,1.68,2100,2100,2100,2100,-0.0,0.0,-8.0,20
240.7,221.0290141689455,404.98927853724757,250.6614813381562,1.57,1.68,2100,2100,2100,2100,-0.0,0.0,-8.0,20
240.8,221.02901173100227,404.9893011385825,249.86148133815618,1.57,1.68,2100,2100,2100,2100,-0.0,0.0,-8.0,20
240.9,221.02900961811815,404.9893207264061,249.06148133815617,1.57,1.68,2100,2100,2100,2100,-0.0,0.0,-8.0,20
241.0,221.0290077869519,404.9893377025199,248.26148133815616,1.57,1.68,2100,2100,2100,2100,-0.0,0.0,-8.0,20
241.1,221.02900619994114,404.98935241515187,247.46148133815615,1.57,1.68,2100,2100,2100,2100,-0.0,0.0,-8.0,20
241.2,221.02900482453182,404.98936516609956,246.66148133815614,1.57,1.68,2100,2100,2100,2100,-0.0,0.0,-8.0,20
241.3,221.0290036325104,404.9893762169209,245.86148133815612,1.57,1.68,2100,2100,2100,2100,-0.0,0.0,-8.0,20
241.4,221.02900259942518,404.9893857942994,245.0614813381561,1.57,1.68,2100,2100,2100,2100,-0.0,0.0,-8.0,20
241.5,221.02900170408466,404.9893940946941,244.2614813381561,1.57,1.68,2100,2100,2100,2100,-0.0,0.0,-8.0,20
241.6,221.02900092812288,404.9894012883695,243.4614813381561,1.57,1.68,2100,2100,2100,2100,-0.0,0.0,-8.0,20
241.7,221.02900025562266,404.9894075228882,242.66148133815608,1.57,1.68,2100,2100,2100,2100,-0.0,0.0,-8.0,20
241.8,221.02899967278915,404.98941292613773,241.86148133815607,1.57,1.68,2100,2100,2100,2100,-0.0,0.0,-8.0,20
241.9,221.02899916766677,404.989417608954,241.06148133815606,1.57,1.68,2100,2100,2100,2100,-0.0,0.0,-8.0,20
242.0,221.02899872989403,404.98942166739477,240.26148133815605,1.57,1.68,2100,2100,2100,2100,-0.0,0.0,-8.0,20
242.1,221.028998350491,404.98942518471006,239.46148133815603,1.57,1.68,2100,2100,2100,2100,-0.0,0.0,-8.0,20
242.2,221.02899802167505,404.98942823305,238.66148133815602,1.57,1.68,2100,2100,2100,2100,-0.0,0.0,-8.0,20
242.3,221.02899773670123,404.9894308749446,237.861481338156,1.57,1.68,2100,2100,2100,2100,-0.0,0.0,-8.0,20
242.4,221.0289974897239,404.9894331645866,237.061481338156,1.57,1.68,2100,2100,2100,2100,-0.0,0.0,-8.0,20
242.5,221.0289972756769,404.989435148943,236.261481338156,1.57,1.68,2100,2100,2100,2100,-0.0,0.0,-8.0,20
242.6,221.02899709016947,404.98943686871854,235.46148133815598,1.57,1.68,2100,2100,2100,2100,-0.0,0.0,-8.0,20
242.7,221.02899692939638,404.9894383591907,234.66148133815597,1.57,1.68,2100,2100,2100,2100,-0.0,0.0,-8.0,20
242.8,221.02899679005972,404.9894396509332,233.86148133815595,1.57,1.68,2100,2100,2100,2100,-0.0,0.0,-8.0,20
242.9,221.02899666930128,404.9894407704434,233.06148133815594,1.57,1.68,2100,2100,2100,2100,-0.0,0.0,-8.0,20
243.0,221.02899656464396,404.9894417406856,232.26148133815593,1.57,1.68,2100,2100,2100,2100,-0.0,0.0,-8.0,20
243.1,221.02899647394094,404.9894425815622,231.46148133815592,1.57,1.68,2100,2100,2100,2100,-0.0,0.0,-8.0,20
243.2,221.02899639533166,404.98944331032186,230.6614813381559,1.57,1.68,2100,2100,2100,2100,-0.0,0.0,-8.0,20
243.3,221.0289963272036,404.9894439419136,229.8614813381559,1.57,1.68,2100,2100,2100,2100,-0.0,0.0,-8.0,20
243.4,221.0289962681593,404.9894444892931,229.0614813381559,1.57,1.68,2100,2100,2100,2100,-0.0,0.0,-8.0,20
243.5,221.02899621698757,404.98944496368864,228.26148133815587,1.57,1.68,2100,2100,2100,2100,-0.0,0.0,-8.0,20
243.6,221.02899617263873,404.98944537483146,227.46148133815586,1.57,1.68,2100,2100,2100,2100,-0.0,0.0,-8.0,20
243.7,221.02899613420308,404.98944573115523,226.66148133815585,1.57,1.68,2100,2100,2100,2100,-0.0,0.0,-8.0,20
243.8,221.0289961008922,404.98944603996915,225.86148133815584,1.57,1.68,2100,2100,2100,2100,-0.0,0.0,-8.0,20
243.9,221.02899607202275,404.98944630760786,225.06148133815583,1.57,1.68,2100,2100,2100,2100,-0.0,0.0,-8.0,20
244.0,221.02899604700255,404.9894465395614,224.26148133815582,1.57,1.68,2100,2100,2100,2100,-0.0,0.0,-8.0,20
244.1,221.02899602531838,404.9894467405878,223.4614813381558,1.57,1.68,2100,2100,2100,2100,-0.0,0.0,-8.0,20
244.2,221.02899600652543,404.98944691481074,222.6614813381558,1.57,1.68,2100,2100,2100,2100,-0.0,0.0,-8.0,20
244.3,221.02899599023823,404.9894470658039,221.86148133815578,1.57,1.68,2100,2100,2100,2100,-0.0,0.0,-8.0,20
244.4,221.02899597612264,404.9894471966647,221.06148133815577,1.57,1.68,2100,2100,2100,2100,-0.0,0.0,-8.0,20
244.5,221.02899596388914,404.98944731007737,220.26148133815576,1.57,1.68,2100,2100,2100,2100,-0.0,0.0,-8.0,20
244.6,221.02899595328677,404.98944740836833,219.46148133815575,1.57,1.68,2100,2100,2100,2100,-0.0,0.0,-8.0,20
244.7,221.02899594409803,404.9894474935538,218.66148133815574,1.57,1.68,2100,2100,2100,2100,-0.0,0.0,-8.0,20
244.8,221.02899593613446,404.98944756738126,217.86148133815573,1.57,1.68,2100,2100,2100,2100,-0.0,0.0,-8.0,20
244.9,221.0289959292327,404.98944763136507,217.06148133815572,1.57,1.68,2100,2100,2100,2100,-0.0,0.0,-8.0,20
245.0,221.0289959232512,404.9894476868177,216.2614813381557,1.57,1.68,2100,2100,2100,2100,-0.0,0.0,-8.0,20
245.1,221.0289959180672,404.98944773487665,215.4614813381557,1.57,1.68,2100,2100,2100,2100,-0.0,0.0,-8.0,20
245.2,221.02899591357442,404.9894477765277,214.66148133815568,1.57,1.68,2100,2100,2100,2100,-0.0,0.0,-8.0,20
245.3,221.02899590968067,404.9894478126253,213.86148133815567,1.57,1.68,2100,2100,2100,2100,-0.0,0.0,-8.0,20
245.4,221.02899590630608,404.9894478439099,213.06148133815566,1.57,1.68,2100,2100,2100,2100,-0.0,0.0,-8.0,20
245.5,221.02899590338146,404.9894478710232,212.26148133815565,1.57,1.68,2100,2100,2100,2100,-0.0,0.0,-8.0,20
245.6,221.02899590084678,404.9894478945214,211.46148133815564,1.57,1.68,2100,2100,2100,2100,-0.0,0.0,-8.0,20
245.7,221.02899589865004,404.9894479148865,210.66148133815562,1.57,1.68,2100,2100,2100,2100,-0.0,0.0,-8.0,20
245.8,221.0289958967462,404.9894479325363,209.8614813381556,1.57,1.68,2100,2100,2100,2100,-0.0,0.0,-8.0,20
245.9,221.02899589509622,404.98944794783273,209.0614813381556,1.57,1.68,2100,2100,2100,2100,-0.0,0.0,-8.0,20
246.0,221.02899589366623,404.98944796108964,208.2614813381556,1.57,1.68,2100,2100,2100,2100,-0.0,0.0,-8.0,20
246.1,221.0289958924269,404.989447972579,207.46148133815558,1.57,1.68,2100,2100,2100,2100,-0.0,0.0,-8.0,20
246.2,221.02899589135282,404.98944798253643,206.66148133815557,1.57,1.68,2100,2100,2100,2100,-0.0,0.0,-8.0,20
246.3,221.02899589042195,404.9894479911662,205.86148133815556,1.57,1.68,2100,2100,2100,2100,-0.0,0.0,-8.0,20
246.4,221.0289958896152,404.9894479986453,205.06148133815555,1.57,1.68,2100,2100,2100,2100,-0.0,0.0,-8.0,20
246.5,221.02899588891603,404.9894480051272,204.26148133815553,1.57,1.68,2100,2100,2100,2100,-0.0,0.0,-8.0,20
246.6,221.02899588831008,404.98944801074487,203.46148133815552,1.57,1.68,2100,2100,2100,2100,-0.0,0.0,-8.0,20
246.7,221.0289958877849,404.9894480156135,202.6614813381555,1.57,1.68,2100,2100,2100,2100,-0.0,0.0,-8.0,20
246.8,221.02899588732976,404.989448019833,201.8614813381555,1.57,1.68,2100,2100,2100,2100,-0.0,0.0,-8.0,20
246.9,221.0289958869353,404.9894480234899,201.0614813381555,1.57,1.68,2100,2100,2100,2100,-0.0,0.0,-8.0,20
247.0,221.02899588659344,404.9894480266592,200.26148133815548,1.57,1.68,2100,2100,2100,2100,-0.0,0.0,-8.0,20
247.1,221.02899588629714,404.98944802940593,199.46148133815547,1.57,1.68,2100,2100,2100,2100,-0.0,0.0,-8.0,20
247.2,221.02899588604035,404.9894480317864,198.66148133815545,1.57,1.68,2100,2100,2100,2100,-0.0,0.0,-8.0,20
247.3,221.0289958858178,404.9894480338495,197.86148133815544,1.57,1.68,2100,2100,2100,2100,-0.0,0.0,-8.0,20
247.4,221.02899588562494,404.9894480356375,197.06148133815543,1.57,1.68,2100,2100,2100,2100,-0.0,0.0,-8.0,20
247.5,221.0289958854578,404.9894480371871,196.26148133815542,1.57,1.68,2100,2100,2100,2100,-0.0,0.0,-8.0,20
247.6,221.02899588531292,404.9894480385301,195.4614813381554,1.57,1.68,2100,2100,2100,2100,-0.0,0.0,-8.0,20
247.7,221.02899588518738,404.989448039694,194.6614813381554,1.57,1.68,2100,2100,2100,2100,-0.0,0.0,-8.0,20
247.8,221.0289958850786,404.98944804070277,193.8614813381554,1.57,1.68,2100,2100,2100,2100,-0.0,0.0,-8.0,20
247.9,221.02899588498428,404.989448041577,193.06148133815537,1.57,1.68,2100,2100,2100,2100,-0.0,0.0,-8.0,20
248.0,221.02899588490254,404.9894480423347,192.26148133815536,1.57,1.68,2100,2100,2100,2100,-0.0,0.0,-8.0,20
248.1,221.02899588483172,404.98944804299134,191.46148133815535,1.57,1.68,2100,2100,2100,2100,-0.0,0.0,-8.0,20
248.2,221.02899588477032,404.98944804356046,190.66148133815534,1.57,1.68,2100,2100,2100,2100,-0.0,0.0,-8.0,20
248.3,221.02899588471712,404.9894480440537,189.86148133815533,1.57,1.68,2100,2100,2100,2100,-0.0,0.0,-8.0,20
248.4,221.02899588467102,404.98944804448115,189.06148133815532,1.57,1.68,2100,2100,2100,2100,-0.0,0.0,-8.0,20
248.5,221.02899588463106,404.9894480448516,188.2614813381553,1.57,1.68,2100,2100,2100,2100,-0.0,0.0,-8.0,20
248.6,221.0289958845964,404.98944804517265,187.4614813381553,1.57,1.68,2100,2100,2100,2100,-0.0,0.0,-8.0,20
248.7,221.0289958845664,404.9894480454509,186.66148133815528,1.57,1.68,2100,2100,2100,2100,-0.0,0.0,-8.0,20
248.8,221.0289958845404,404.9894480456921,185.86148133815527,1.57,1.68,2100,2100,2100,2100,-0.0,0.0,-8.0,20
248.9,221.02899588451785,404.9894480459011,185.06148133815526,1.57,1.68,2100,2100,2100,2100,-0.0,0.0,-8.0,20
249.0,221.02899588449833,404.98944804608226,184.26148133815525,1.57,1.68,2100,2100,2100,2100,-0.0,0.0,-8.0,20
249.1,221.0289958844814,404.98944804623926,183.46148133815524,1.57,1.68,2100,2100,2100,2100,-0.0,0.0,-8.0,20
249.2,221.02899588446672,404.9894480463753,182.66148133815523,1.57,1.68,2100,2100,2100,2100,-0.0,0.0,-8.0,20
249.3,221.028995884454,404.9894480464932,181.86148133815522,1.57,1.68,2100,2100,2100,2100,-0.0,0.0,-8.0,20
249.4,221.02899588444296,404.9894480465954,181.0614813381552,1.57,1.68,2100,2100,2100,2100,-0.0,0.0,-8.0,20
249.5,221.0289958844334,404.98944804668395,180.2614813381552,1.57,1.68,2100,2100,2100,2100,-0.0,0.0,-8.0,20
249.6,221.02899588442514,404.9894480467607,179.46148133815518,1.57,1.68,2100,2100,2100,2100,-0.0,0.0,-8.0,20
249.7,221.02899588441795,404.9894480468272,178.66148133815517,1.57,1.68,2100,2100,2100,2100,-0.0,0.0,-8.0,20
249.8,221.02899588441173,404.98944804688483,177.86148133815516,1.57,1.68,2100,2100,2100,2100,-0.0,0.0,-8.0,20
249.9,221.02899588440633,404.9894480469348,177.06148133815515,1.57,1.68,2100,2100,2100,2100,-0.0,0.0,-8.0,20
250.0,221.02899588440167,404.9894480469781,176.26148133815514,1.57,1.68,2100,2100,2100,2100,-0.0,0.0,-8.0,20
250.1,221.02899588439763,404.9894480470156,175.46148133815512,1.57,1.68,2100,2100,2100,2100,-0.0,0.0,-8.0,20
250.2,221.02899588439413,404.98944804704814,174.6614813381551,1.57,1.68,2100,2100,2100,2100,-0.0,0.0,-8.0,20
250.3,221.0289958843911,404.98944804707634,173.8614813381551,1.57,1.68,2100,2100,2100,2100,-0.0,0.0,-8.0,20
250.4,221.02899588438845,404.9894480471008,173.0614813381551,1.57,1.68,2100,2100,2100,2100,-0.0,0.0,-8.0,20
250.5,221.02899588438618,404.989448047122,172.26148133815508,1.57,1.68,2100,2100,2100,2100,-0.0,0.0,-8.0,20
250.6,221.0289958843842,404.98944804714034,171.5034415606057,1.57,1.68,2100,2100,2100,2100,-0.0,0.0,-7.58,20
250.7,221.02899588438248,404.98944804715626,170.7858305711923,1.57,1.68,2100,2100,2100,2100,-0.0,0.0,-7.18,20
250.8,221.028995884381,404.9894480471701,170.10649216788093,1.57,1.68,2100,2100,2100,2100,-0.0,0.0,-6.79,20
250.9,221.02899588437973,404.989448047182,169.4633851460795,1.57,1.68,2100,2100,2100,2100,-0.0,0.0,-6.43,20
251.0,221.02899588437862,404.98944804719235,168.85457716544082,1.57,1.68,2100,2100,2100,2100,-0.0,0.0,-6.09,20
251.1,221.02899588437765,404.98944804720134,168.27823894376954,1.57,1.68,2100,2100,2100,2100,-0.0,0.0,-5.76,20
251.2,221.0289958843768,404.9894480472091,167.7326387605874,1.57,1.68,2100,2100,2100,2100,-0.0,0.0,-5.46,20
251.3,221.02899588437606,404.9894480472159,167.21613725384165,1.57,1.68,2100,2100,2100,2100,-0.0,0.0,-5.17,20
251.4,221.02899588437543,404.98944804722174,166.72718249412233,1.57,1.68,2100,2100,2100,2100,-0.0,0.0,-4.89,20
251.5,221.0289958843749,404.9894480472268,166.26430532158804,1.57,1.68,2100,2100,2100,2100,-0.0,0.0,-4.63,20
251.6,221.0289958843744,404.9894480472312,165.8261149315889,1.57,1.68,2100,2100,2100,2100,-0.0,0.0,-4.38,20
251.7,221.02899588437398,404.989448047235,165.41129469572306,1.57,1.68,2100,2100,2100,2100,-0.0,0.0,-4.15,20
251.8,221.02899588437361,404.9894480472383,165.01859820577005,1.57,1.68,2100,2100,2100,2100,-0.0,0.0,-3.93,20
251.9,221.0289958843733,404.9894480472411,164.64684552861453,1.57,1.68,2100,2100,2100,2100,-0.0,0.0,-3.72,20
252.0,221.02899588437305,404.98944804724357,164.2949196609073,1.57,1.68,2100,2100,2100,2100,-0.0,0.0,-3.52,20
252.1,221.02899588437282,404.98944804724573,163.96176317281115,1.57,1.68,2100,2100,2100,2100,-0.0,0.0,-3.33,20
252.2,221.02899588437262,404.9894480472476,163.64637503074678,1.57,1.68,2100,2100,2100,2100,-0.0,0.0,-3.15,20
252.3,221.02899588437245,404.9894480472492,163.34780758959252,1.57,1.68,2100,2100,2100,2100,-0.0,0.0,-2.99,20
252.4,221.0289958843723,404.9894480472506,163.06516374529983,1.57,1.68,2100,2100,2100,2100,-0.0,0.0,-2.83,20
252.5,221.02899588437216,404.9894480472518,162.7975942393694,1.57,1.68,2100,2100,2100,2100,-0.0,0.0,-2.68,20
252.6,221.02899588437205,404.98944804725284,162.5442951070886,1.57,1.68,2100,2100,2100,2100,-0.0,0.0,-2.53,20
252.7,221.02899588437197,404.98944804725375,162.30450526186277,1.57,1.68,2100,2100,2100,2100,-0.0,0.0,-2.4,20
252.8,221.02899588437188,404.98944804725454,162.07750420838232,1.57,1.68,2100,2100,2100,2100,-0.0,0.0,-2.27,20
252.9,221.0289958843718,404.9894480472552,161.86260987775415,1.57,1.68,2100,2100,2100,2100,-0.0,0.0,-2.15,20
253.0,221.02899588437174,404.9894480472558,161.65917657809283,1.57,1.68,2160,2160,2160,2160,-0.0,0.0,-2.03,20
253.1,221.02899588437168,404.9894480472563,161.46659305441344,1.57,1.68,2100,2100,2100,2100,-0.0,0.0,-1.93,20
253.2,221.02899588437162,404.98944804725676,161.28428065199697,1.57,1.68,2160,2160,2160,2160,-0.0,0.0,-1.82,20
253.3,221.0289958843716,404.98944804725716,161.11169157770937,1.57,1.68,2220,2220,2220,2220,-0.0,0.0,-1.73,20
253.4,221.02899588437157,404.9894480472575,160.94830725405043,1.57,1.68,2271,2271,2271,2271,-0.0,0.0,-1.63,20
253.5,221.02899588437154,404.9894480472578,160.79363676098663,1.57,1.69,2211,2211,2211,2211,-0.0,0.0,-1.55,20
253.6,221.0289958843715,404.989448047258,160.64721536088624,1.57,1.69,2271,2271,2271,2271,-0.0,0.0,-1.46,20
253.7,221.02899588437148,404.98944804725824,160.50860310212454,1.57,1.69,2331,2331,2331,2331,-0.0,0.0,-1.39,20
253.8,221.02899588437145,404.9894480472584,160.37738349716346,1.57,1.69,2288,2288,2288,2288,-0.0,0.0,-1.31,20
253.9,221.02899588437143,404.9894480472586,160.25316227113365,1.57,1.68,2348,2348,2348,2348,-0.0,0.0,-1.24,20
254.0,221.0289958843714,404.98944804725875,160.13556617715875,1.57,1.68,2408,2408,2408,2408,-0.0,0.0,-1.18,20
254.1,221.0289958843714,404.98944804725886,160.02424187486253,1.57,1.66,2348,2348,2348,2348,-0.0,0.0,-1.11,20
254.2,220.9664186472124,405.17940617261706,160.26232238412317,-0.52,1.89,2408,2408,2408,2408,-0.63,1.9,2.38,20
254.3,220.89132596262172,405.4073559230466,160.51944933412466,-0.52,1.89,2468,2468,2468,2468,-0.75,2.28,2.57,20
254.4,220.80121474111291,405.6808956235621,160.79714644012628,-0.52,1.89,2528,2528,2528,2528,-0.9,2.74,2.78,20
254.5,220.69308127530235,406.0091432641807,161.09705931460803,-0.52,1.89,2588,2588,2588,2588,-1.08,3.28,3.0,20
254.6,220.56332111632966,406.403040432923,161.42096521904833,-0.52,1.89,2648,2648,2648,2648,-1.3,3.94,3.24,20
254.7,220.40760892556244,406.87571703541374,161.77078359584385,-0.52,1.89,2708,2708,2708,2708,-1.56,4.73,3.5,20
254.8,220.2207542966418,407.44292895840266,162.14858744278303,-0.52,1.89,2768,2768,2768,2768,-1.87,5.67,3.78,20
254.9,219.996528741937,408.12358326598934,162.55661559747733,-0.52,1.89,2828,2828,2828,2828,-2.24,6.81,4.08,20
255.0,219.72745807629124,408.9403684350934,162.99728600454716,-0.52,1.89,2888,2888,2888,2888,-2.69,8.17,4.41,20
255.1,219.40457327751633,409.9205106380182,163.4732100441826,-0.52,1.89,2948,2948,2948,2948,-3.23,9.8,4.76,20
255.2,219.01711151898647,411.096681281528,163.98720800698885,-0.52,1.89,3008,3008,3008,3008,-3.87,11.76,5.14,20
255.3,218.55215740875062,412.50808605373976,164.5423258068196,-0.52,1.89,3068,3068,3068,3068,-4.65,14.11,5.55,20
255.4,217.9942124764676,414.20177178039387,165.14185303063684,-0.52,1.89,3128,3128,3128,3128,-5.58,16.94,6.0,20
255.5,217.36844010487832,416.10135303397465,165.78934243235943,-0.52,1.89,3188,3188,3188,3188,-6.26,19.0,6.47,20
255.6,216.74266773328904,418.0009342875554,166.48863098621985,-0.52,1.89,3248,3248,3248,3248,-6.26,19.0,6.99,20
255.7,216.11689536169976,419.9005155411362,167.2438626243891,-0.52,1.89,3308,3308,3308,3308,-6.26,19.0,7.55,20
255.8,215.49112299011048,421.800096794717,168.0438626243891,-0.52,1.89,3368,3368,3368,3368,-6.26,19.0,8.0,20
255.9,214.8653506185212,423.69967804829776,168.84386262438912,-0.52,1.89,3428,3428,3428,3428,-6.26,19.0,8.0,20
256.0,214.23957824693193,425.59925930187853,169.64386262438913,-0.52,1.89,3488,3488,3488,3488,-6.26,19.0,8.0,20
256.1,213.61380587534265,427.4988405554593,170.44386262438914,-0.53,1.89,3548,3548,3548,3548,-6.26,19.0,8.0,20
256.2,212.98803350375337,429.3984218090401,171.24386262438915,-0.53,1.89,3608,3608,3608,3608,-6.26,19.0,8.0,20
256.3,212.3622611321641,431.29800306262086,172.04386262438916,-0.53,1.89,3668,3668,3668,3668,-6.26,19.0,8.0,20
256.4,211.73648876057482,433.19758431620164,172.84386262438917,-0.53,1.89,3728,3728,3728,3728,-6.26,19.0,8.0,20
256.5,211.11071638898554,435.0971655697824,173.6438626243892,-0.53,1.89,3788,3788,3788,3788,-6.26,19.0,8.0,20
256.6,210.48494401739626,436.9967468233632,174.4438626243892,-0.53,1.89,3848,3848,3848,3848,-6.26,19.0,8.0,20
256.7,209.85917164580698,438.896328076944,175.2438626243892,-0.53,1.89,3908,3908,3908,3908,-6.26,19.0,8.0,20
256.8,209.2333992742177,440.79590933052475,176.04386262438922,-0.53,1.89,3968,3968,3968,3968,-6.26,19.0,8.0,20
256.9,208.60762690262843,442.6954905841055,176.84386262438923,-0.53,1.89,4028,4028,4028,4028,-6.26,19.0,8.0,20
257.0,207.98185453103915,444.5950718376863,177.64386262438924,-0.53,1.89,4088,4088,4088,4088,-6.26,19.0,8.0,20
257.1,207.35608215944987,446.4946530912671,178.44386262438925,-0.53,1.89,4148,4148,4148,4148,-6.26,19.0,8.0,20
257.2,206.7303097878606,448.39423434484786,179.24386262438927,-0.53,1.89,4208,4208,4208,4208,-6.26,19.0,8.0,20
257.3,206.1045374162713,450.29381559842864,180.04386262438928,-0.53,1.89,4268,4268,4268,4268,-6.26,19.0,8.0,20
257.4,205.47876504468204,452.1933968520094,180.8438626243893,-0.53,1.89,4328,4328,4328,4328,-6.26,19.0,8.0,20
257.5,204.85299267309276,454.0929781055902,181.6438626243893,-0.53,1.89,4388,4388,4388,4388,-6.26,19.0,8.0,20
257.6,204.22722030150348,455.99255935917097,182.4438626243893,-0.54,1.89,4448,4448,4448,4448,-6.26,19.0,8.0,20
257.7,203.6014479299142,457.89214061275175,183.24386262438932,-0.54,1.89,4508,4508,4508,4508,-6.26,19.0,8.0,20
257.8,202.97567555832492,459.7917218663325,184.04386262438933,-0.54,1.89,4568,4568,4568,4568,-6.26,19.0,8.0,20
257.9,202.34990318673565,461.6913031199133,184.84386262438935,-0.54,1.89,4628,4628,4628,4628,-6.26,19.0,8.0,20
258.0,201.72413081514637,463.5908843734941,185.64386262438936,-0.54,1.89,4688,4688,4688,4688,-6.26,19.0,8.0,20
258.1,201.0983584435571,465.49046562707485,186.44386262438937,-0.54,1.89,4748,4748,4748,4748,-6.26,19.0,8.0,20
258.2,200.4725860719678,467.39004688065563,187.24386262438938,-0.54,1.89,4808,4808,4808,4808,-6.26,19.0,8.0,20
258.3,199.84681370037853,469.2896281342364,188.0438626243894,-0.54,1.89,4868,4868,4868,4868,-6.26,19.0,8.0,20
258.4,199.22104132878925,471.1892093878172,188.8438626243894,-0.54,1.89,4928,4928,4928,4928,-6.26,19.0,8.0,20
258.5,198.59526895719998,473.08879064139796,189.6438626243894,-0.54,1.89,4988,4988,4988,4988,-6.26,19.0,8.0,20
258.6,197.9694965856107,474.98837189497874,190.44386262438942,-0.54,1.89,5000,5000,5000,5000,-6.26,19.0,8.0,20
258.7,197.34372421402142,476.8879531485595,191.24386262438944,-0.54,1.89,5000,5000,5000,5000,-6.26,19.0,8.0,20
258.8,196.71795184243214,478.7875344021403,192.04386262438945,-0.54,1.89,5000,5000,5000,5000,-6.26,19.0,8.0,20
258.9,196.09217947084286,480.6871156557211,192.84386262438946,-0.54,1.89,5000,5000,5000,5000,-6.26,19.0,8.0,20
259.0,195.4664070992536,482.58669690930185,193.64386262438947,-0.55,1.89,5000,5000,5000,5000,-6.26,19.0,8.0,20
259.1,194.8406347276643,484.4862781628826,194.44386262438948,-0.55,1.89,5000,5000,5000,5000,-6.26,19.0,8.0,20
259.2,194.21486235607503,486.3858594164634,195.2438626243895,-0.55,1.89,5000,5000,5000,5000,-6.26,19.0,8.0,20
259.3,193.58908998448575,488.2854406700442,196.0438626243895,-0.55,1.89,5000,5000,5000,5000,-6.26,19.0,8.0,20
259.4,192.96331761289647,490.18502192362496,196.84386262438952,-0.55,1.89,5000,5000,5000,5000,-6.26,19.0,8.0,20
259.5,192.3375452413072,492.08460317720574,197.64386262438953,-0.55,1.89,5000,5000,5000,5000,-6.26,19.0,8.0,20
259.6,191.71177286971792,493.9841844307865,198.44386262438954,-0.55,1.89,5000,5000,5000,5000,-6.26,19.0,8.0,20
259.7,191.08600049812864,495.8837656843673,199.24386262438955,-0.55,1.89,5000,5000,5000,5000,-6.26,19.0,8.0,20
259.8,190.46022812653936,497.78334693794807,200.04386262438956,-0.55,1.89,5000,5000,5000,5000,-6.26,19.0,8.0,20
259.9,189.83445575495008,499.68292819152884,200.84386262438957,-0.55,1.89,5000,5000,5000,5000,-6.26,19.0,8.0,20
260.0,189.2086833833608,501.5825094451096,201.64386262438958,-0.55,1.89,5000,5000,5000,5000,-6.26,19.0,8.0,20
260.1,188.58291101177153,503.4820906986904,202.4438626243896,-0.55,1.89,5000,5000,5000,5000,-6.26,19.0,8.0,20
260.2,187.95713864018225,505.3816719522712,203.2438626243896,-0.56,1.89,5000,5000,5000,5000,-6.26,19.0,8.0,20
260.3,187.33136626859297,507.28125320585195,204.04386262438962,-0.56,1.89,5000,5000,5000,5000,-6.26,19.0,8.0,20
260.4,186.7055938970037,509.18083445943273,204.84386262438963,-0.56,1.89,5000,5000,5000,5000,-6.26,19.0,8.0,20
260.5,186.07982152541442,511.0804157130135,205.64386262438964,-0.56,1.89,5000,5000,5000,5000,-6.26,19.0,8.0,20
260.6,185.45404915382514,512.9799969665943,206.44386262438965,-0.56,1.89,5000,5000,5000,5000,-6.26,19.0,8.0,20
260.7,184.82827678223586,514.8795782201751,207.24386262438966,-0.56,1.89,5000,5000,5000,5000,-6.26,19.0,8.0,20
260.8,184.20250441064658,516.7791594737558,208.04386262438967,-0.56,1.89,5000,5000,5000,5000,-6.26,19.0,8.0,20
260.9,183.5767320390573,518.6787407273366,208.8438626243897,-0.56,1.89,5000,5000,5000,5000,-6.26,19.0,8.0,20
261.0,182.95095966746803,520.5783219809174,209.6438626243897,-0.56,1.89,5000,5000,5000,5000,-6.26,19.0,8.0,20
261.1,182.32518729587875,522.4779032344982,210.4438626243897,-0.56,1.89,5000,5000,5000,5000,-6.26,19.0,8.0,20
261.2,181.69941492428947,524.377484488079,211.24386262438972,-0.56,1.89,5000,5000,5000,5000,-6.26,19.0,8.0,20
261.3,181.0736425527002,526.2770657416597,212.04386262438973,-0.57,1.89,5000,5000,5000,5000,-6.26,19.0,8.0,20
261.4,180.44787018111091,528.1766469952405,212.84386262438974,-0.57,1.89,5000,5000,5000,5000,-6.26,19.0,8.0,20
261.5,179.82209780952164,530.0762282488213,213.64386262438975,-0.57,1.89,5000,5000,5000,5000,-6.26,19.0,8.0,20
261.6,179.19632543793236,531.9758095024021,214.44386262438977,-0.57,1.89,5000,5000,5000,5000,-6.26,19.0,8.0,20
261.7,178.57055306634308,533.8753907559828,215.24386262438978,-0.57,1.89,5000,5000,5000,5000,-6.26,19.0,8.0,20
261.8,177.9447806947538,535.7749720095636,216.0438626243898,-0.57,1.89,5000,5000,5000,5000,-6.26,19.0,8.0,20
261.9,177.31900832316452,537.6745532631444,216.8438626243898,-0.57,1.89,5000,5000,5000,5000,-6.26,19.0,8.0,20
262.0,176.69323595157525,539.5741345167252,217.6438626243898,-0.57,1.89,5000,5000,5000,5000,-6.26,19.0,8.0,20
262.1,176.06746357998597,541.473715770306,218.44386262438982,-0.57,1.89,5000,5000,5000,5000,-6.26,19.0,8.0,20
262.2,175.4416912083967,543.3732970238867,219.24386262438983,-0.58,1.89,5000,5000,5000,5000,-6.26,19.0,8.0,20
262.3,174.8159188368074,545.2728782774675,220.04386262438985,-0.58,1.89,5000,5000,5000,5000,-6.26,19.0,8.0,20
262.4,174.19014646521813,547.1724595310483,220.84386262438986,-0.58,1.89,5000,5000,5000,5000,-6.26,19.0,8.0,20
262.5,173.56437409362886,549.072040784629,221.64386262438987,-0.58,1.89,5000,5000,5000,5000,-6.26,19.0,8.0,20
262.6,172.93860172203958,550.9716220382098,222.44386262438988,-0.58,1.89,5000,5000,5000,5000,-6.26,19.0,8.0,20
262.7,172.3128293504503,552.8712032917906,223.2438626243899,-0.58,1.89,5000,5000,5000,5000,-6.26,19.0,8.0,20
262.8,171.68705697886102,554.7707845453714,224.0438626243899,-0.58,1.89,5000,5000,5000,5000,-6.26,19.0,8.0,20
262.9,171.06128460727174,556.6703657989522,224.8438626243899,-0.58,1.89,5000,5000,5000,5000,-6.26,19.0,8.0,20
263.0,170.43551223568247,558.5699470525329,225.64386262438993,-0.58,1.89,5000,5000,5000,5000,-6.26,19.0,8.0,20
263.1,169.8097398640932,560.4695283061137,226.44386262438994,-0.59,1.89,5000,5000,5000,5000,-6.26,19.0,8.0,20
263.2,169.1839674925039,562.3691095596945,227.24386262438995,-0.59,1.89,5000,5000,5000,5000,-6.26,19.0,8.0,20
263.3,168.55819512091463,564.2686908132753,228.04386262438996,-0.59,1.89,5000,5000,5000,5000,-6.26,19.0,8.0,20
263.4,167.93242274932535,566.168272066856,228.84386262438997,-0.59,1.89,5000,5000,5000,5000,-6.26,19.0,8.0,20
263.5,167.30665037773608,568.0678533204368,229.64386262438998,-0.59,1.89,5000,5000,5000,5000,-6.26,19.0,8.0,20
263.6,166.6808780061468,569.9674345740176,230.44386262439,-0.59,1.89,5000,5000,5000,5000,-6.26,19.0,8.0,20
263.7,166.05510563455752,571.8670158275984,231.24386262439,-0.59,1.89,5000,5000,5000,5000,-6.26,19.0,8.0,20
263.8,165.42933326296824,573.7665970811792,232.04386262439002,-0.59,1.89,5000,5000,5000,5000,-6.26,19.0,8.0,20
263.9,164.80356089137896,575.6661783347599,232.84386262439003,-0.6,1.89,5000,5000,5000,5000,-6.26,19.0,8.0,20
264.0,164.1777885197897,577.5657595883407,233.64386262439004,-0.6,1.89,5000,5000,5000,5000,-6.26,19.0,8.0,20
264.1,163.5520161482004,579.4653408419215,234.44386262439005,-0.6,1.89,5000,5000,5000,5000,-6.26,19.0,8.0,20
264.2,162.92624377661113,581.3649220955023,235.24386262439006,-0.6,1.89,5000,5000,5000,5000,-6.26,19.0,8.0,20
264.3,162.30047140502185,583.264503349083,236.04386262439007,-0.6,1.89,5000,5000,5000,5000,-6.26,19.0,8.0,20
264.4,161.67469903343257,585.1640846026638,236.84386262439008,-0.6,1.89,5000,5000,5000,5000,-6.26,19.0,8.0,20
264.5,161.0489266618433,587.0636658562446,237.6438626243901,-0.6,1.89,5000,5000,5000,5000,-6.26,19.0,8.0,20
264.6,160.42315429025402,588.9632471098254,238.4438626243901,-0.61,1.89,5000,5000,5000,5000,-6.26,19.0,8.0,20
264.7,159.79738191866474,590.8628283634062,239.24386262439012,-0.61,1.89,5000,5000,5000,5000,-6.26,19.0,8.0,20
264.8,159.17160954707546,592.7624096169869,240.04386262439013,-0.61,1.89,5000,5000,5000,5000,-6.26,19.0,8.0,20
264.9,158.54583717548618,594.6619908705677,240.84386262439014,-0.61,1.89,5000,5000,5000,5000,-6.26,19.0,8.0,20
265.0,157.9200648038969,596.5615721241485,241.64386262439015,-0.61,1.89,5000,5000,5000,5000,-6.26,19.0,8.0,20
265.1,157.29429243230763,598.4611533777293,242.44386262439016,-0.61,1.89,5000,5000,5000,5000,-6.26,19.0,8.0,20
265.2,156.66852006071835,600.36073463131,243.24386262439018,-0.61,1.89,5000,5000,5000,5000,-6.26,19.0,8.0,20
265.3,156.04274768912907,602.2603158848908,244.0438626243902,-0.62,1.89,5000,5000,5000,5000,-6.26,19.0,8.0,20
265.4,155.4169753175398,604.1598971384716,244.8438626243902,-0.62,1.89,5000,5000,5000,5000,-6.26,19.0,8.0,20
265.5,154.79120294595052,606.0594783920524,245.6438626243902,-0.62,1.89,5000,5000,5000,5000,-6.26,19.0,8.0,20
265.6,154.16543057436124,607.9590596456331,246.44386262439022,-0.62,1.89,5000,5000,5000,5000,-6.26,19.0,8.0,20
265.7,153.53965820277196,609.8586408992139,247.24386262439023,-0.62,1.89,5000,5000,5000,5000,-6.26,19.0,8.0,20
265.8,152.91388583118268,611.7582221527947,248.04386262439024,-0.62,1.89,5000,5000,5000,5000,-6.26,19.0,8.0,20
265.9,152.2881134595934,613.6578034063755,248.84386262439025,-0.63,1.89,5000,5000,5000,5000,-6.26,19.0,8.0,20
266.0,151.66234108800413,615.5573846599563,249.64386262439027,-0.63,1.89,5000,5000,5000,5000,-6.26,19.0,8.0,20
266.1,151.03656871641485,617.456965913537,250.44386262439028,-0.63,1.89,5000,5000,5000,5000,-6.26,19.0,8.0,20
266.2,150.41079634482557,619.3565471671178,251.2438626243903,-0.63,1.89,5000,5000,5000,5000,-6.26,19.0,8.0,20
266.3,149.78502397323632,621.2561284206986,252.0438626243903,-0.63,1.89,5000,5000,5000,5000,-6.26,19.0,8.0,20
266.4,149.15925160164704,623.1557096742794,252.8438626243903,-0.64,1.89,5000,5000,5000,5000,-6.26,19.0,8.0,20
266.5,148.53347923005776,625.0552909278601,253.64386262439032,-0.64,1.89,5000,5000,5000,5000,-6.26,19.0,8.0,20
266.6,147.9077068584685,626.9548721814409,254.44386262439033,-0.64,1.89,5000,5000,5000,5000,-6.26,19.0,8.0,20
266.7,147.28193448687924,628.8544534350217,255.24386262439035,-0.64,1.89,5000,5000,5000,5000,-6.26,19.0,8.0,20
266.8,146.65616211529,630.7540346886025,256.04386262439033,-0.64,1.89,5000,5000,5000,5000,-6.26,19.0,8.0,20
266.9,146.0303897437007,632.6536159421833,256.84386262439034,-0.65,1.89,5000,5000,5000,5000,-6.26,19.0,8.0,20
267.0,145.40461737211146,634.553197195764,257.64386262439035,-0.65,1.89,5000,5000,5000,5000,-6.26,19.0,8.0,20
267.1,144.7788450005222,636.4527784493448,258.44386262439036,-0.65,1.89,5000,5000,5000,5000,-6.26,19.0,8.0,20
267.2,144.15307262893293,638.3523597029256,259.2438626243904,-0.65,1.89,5000,5000,5000,5000,-6.26,19.0,8.0,20
267.3,143.52730025734368,640.2519409565064,260.0438626243904,-0.65,1.89,5000,5000,5000,5000,-6.26,19.0,8.0,20
267.4,142.90152788575443,642.1515222100871,260.8438626243904,-0.66,1.89,5000,5000,5000,5000,-6.26,19.0,8.0,20
267.5,142.27575551416516,644.0511034636679,261.6438626243904,-0.66,1.89,5000,5000,5000,5000,-6.26,19.0,8.0,20
267.6,141.6499831425759,645.9506847172487,262.4438626243904,-0.66,1.89,5000,5000,5000,5000,-6.26,19.0,8.0,20
267.7,141.02421077098666,647.8502659708295,263.24386262439043,-0.66,1.89,5000,5000,5000,5000,-6.26,19.0,8.0,20
267.8,140.39843839939738,649.7498472244102,264.04386262439044,-0.66,1.89,5000,5000,5000,5000,-6.26,19.0,8.0,20
267.9,139.7726660278081,651.649428477991,264.84386262439045,-0.67,1.89,5000,5000,5000,5000,-6.26,19.0,8.0,20
268.0,139.14689365621885,653.5490097315718,265.64386262439047,-0.67,1.89,5000,5000,5000,5000,-6.26,19.0,8.0,20
268.1,138.5211212846296,655.4485909851526,266.4438626243905,-0.67,1.89,5000,5000,5000,5000,-6.26,19.0,8.0,20
268.2,137.89534891304032,657.3481722387334,267.2438626243905,-0.67,1.89,5000,5000,5000,5000,-6.26,19.0,8.0,20
268.3,137.26957654145107,659.2477534923141,268.0438626243905,-0.68,1.89,5000,5000,5000,5000,-6.26,19.0,8.0,20
268.4,136.64380416986182,661.1473347458949,268.8438626243905,-0.68,1.89,5000,5000,5000,5000,-6.26,19.0,8.0,20
268.5,136.01803179827255,663.0469159994757,269.6438626243905,-0.68,1.89,5000,5000,5000,5000,-6.26,19.0,8.0,20
268.6,135.3922594266833,664.9464972530565,270.44386262439053,-0.68,1.89,5000,5000,5000,5000,-6.26,19.0,8.0,20
268.7,134.76648705509405,666.8460785066372,271.24386262439054,-0.69,1.89,5000,5000,5000,5000,-6.26,19.0,8.0,20
268.8,134.14071468350477,668.745659760218,272.04386262439056,-0.69,1.89,5000,5000,5000,5000,-6.26,19.0,8.0,20
268.9,133.5149423119155,670.6452410137988,272.84386262439057,-0.69,1.89,5000,5000,5000,5000,-6.26,19.0,8.0,20
269.0,132.88916994032624,672.5448222673796,273.6438626243906,-0.7,1.89,5000,5000,5000,5000,-6.26,19.0,8.0,20
269.1,132.263397568737,674.4444035209603,274.4438626243906,-0.7,1.89,5000,5000,5000,5000,-6.26,19.0,8.0,20
269.2,131.6376251971477,676.3439847745411,275.2438626243906,-0.7,1.89,5000,5000,5000,5000,-6.26,19.0,8.0,20
269.3,131.01185282555846,678.2435660281219,276.0438626243906,-0.7,1.89,5000,5000,5000,5000,-6.26,19.0,8.0,20
269.4,130.3860804539692,680.1431472817027,276.8438626243906,-0.71,1.89,5000,5000,5000,5000,-6.26,19.0,8.0,20
269.5,129.76030808237994,682.0427285352835,277.64386262439064,-0.71,1.89,5000,5000,5000,5000,-6.26,19.0,8.0,20
269.6,129.1345357107907,683.9423097888642,278.44386262439065,-0.71,1.89,5000,5000,5000,5000,-6.26,19.0,8.0,20
269.7,128.50876333920144,685.841891042445,279.24386262439066,-0.72,1.89,5000,5000,5000,5000,-6.26,19.0,8.0,20
269.8,127.88299096761217,687.7414722960258,280.04386262439067,-0.72,1.89,5000,5000,5000,5000,-6.26,19.0,8.0,20
269.9,127.25721859602291,689.6410535496066,280.8438626243907,-0.72,1.89,5000,5000,5000,5000,-6.26,19.0,8.0,20
270.0,126.63144622443365,691.5406348031873,281.6438626243907,-0.73,1.89,5000,5000,5000,5000,-6.26,19.0,8.0,20
270.1,126.00567385284438,693.4402160567681,282.4438626243907,-0.73,1.89,5000,5000,5000,5000,-6.26,19.0,8.0,20
270.2,125.37990148125512,695.3397973103489,283.2438626243907,-0.73,1.89,5000,5000,5000,5000,-6.26,19.0,8.0,20
270.3,124.75412910966585,697.2393785639297,284.0438626243907,-0.74,1.89,5000,5000,5000,5000,-6.26,19.0,8.0,20
270.4,124.12835673807659,699.1389598175105,284.84386262439074,-0.74,1.89,5000,5000,5000,5000,-6.26,19.0,8.0,20
270.5,123.50258436648733,701.0385410710912,285.64386262439075,-0.74,1.89,5000,5000,5000,5000,-6.26,19.0,8.0,20
270.6,122.87681199489806,702.938122324672,286.44386262439076,-0.75,1.89,5000,5000,5000,5000,-6.26,19.0,8.0,20
270.7,122.2510396233088,704.8377035782528,287.2438626243908,-0.75,1.89,5000,5000,5000,5000,-6.26,19.0,8.0,20
270.8,121.62526725171954,706.7372848318336,288.0438626243908,-0.76,1.89,5000,5000,5000,5000,-6.26,19.0,8.0,20
270.9,120.99949488013027,708.6368660854143,288.8438626243908,-0.76,1.89,5000,5000,5000,5000,-6.26,19.0,8.0,20
271.0,120.37372250854101,710.5364473389951,289.6438626243908,-0.76,1.89,5000,5000,5000,5000,-6.26,19.0,8.0,20
271.1,119.74795013695174,712.4360285925759,290.4438626243908,-0.77,1.89,5000,5000,5000,5000,-6.26,19.0,8.0,20
271.2,119.12217776536248,714.3356098461567,291.24386262439083,-0.77,1.89,5000,5000,5000,5000,-6.26,19.0,8.0,20
271.3,118.49640539377322,716.2351910997374,292.04386262439084,-0.78,1.89,5000,5000,5000,5000,-6.26,19.0,8.0,20
271.4,117.87063302218395,718.1347723533182,292.84386262439085,-0.78,1.89,5000,5000,5000,5000,-6.26,19.0,8.0,20
271.5,117.24486065059469,720.034353606899,293.64386262439086,-0.79,1.89,5000,5000,5000,5000,-6.26,19.0,8.0,20
271.6,116.61908827900542,721.9339348604798,294.4438626243909,-0.79,1.89,5000,5000,5000,5000,-6.26,19.0,8.0,20
271.7,115.99331590741616,723.8335161140606,295.2438626243909,-0.79,1.89,5000,5000,5000,5000,-6.26,19.0,8.0,20
271.8,115.3675435358269,725.7330973676413,296.0438626243909,-0.8,1.89,5000,5000,5000,5000,-6.26,19.0,8.0,20
271.9,114.74177116423763,727.6326786212221,296.8438626243909,-0.8,1.89,5000,5000,5000,5000,-6.26,19.0,8.0,20
272.0,114.11599879264837,729.5322598748029,297.6438626243909,-0.81,1.89,5000,5000,5000,5000,-6.26,19.0,8.0,20
272.1,113.4902264210591,731.4318411283837,298.44386262439093,-0.81,1.89,5000,5000,5000,5000,-6.26,19.0,8.0,20
272.2,112.86445404946984,733.3314223819644,299.24386262439094,-0.82,1.89,5000,5000,5000,5000,-6.26,19.0,8.0,20
272.3,112.23868167788058,735.2310036355452,300.04386262439095,-0.82,1.89,5000,5000,5000,5000,-6.26,19.0,8.0,20
272.4,111.61290930629131,737.130584889126,300.84386262439097,-0.83,1.89,5000,5000,5000,5000,-6.26,19.0,8.0,20
272.5,110.98713693470205,739.0301661427068,301.643862624391,-0.84,1.89,5000,5000,5000,5000,-6.26,19.0,8.0,20
272.6,110.36136456311279,740.9297473962876,302.443862624391,-0.84,1.89,5000,5000,5000,5000,-6.26,19.0,8.0,20
272.7,109.73559219152352,742.8293286498683,303.243862624391,-0.85,1.89,5000,5000,5000,5000,-6.26,19.0,8.0,20
272.8,109.10981981993426,744.7289099034491,304.043862624391,-0.85,1.89,5000,5000,5000,5000,-6.26,19.0,8.0,20
272.9,108.484047448345,746.6284911570299,304.843862624391,-0.86,1.89,5000,5000,5000,5000,-6.26,19.0,8.0,20
273.0,107.85827507675573,748.5280724106107,305.64386262439103,-0.87,1.89,5000,5000,5000,5000,-6.26,19.0,8.0,20
273.1,107.23250270516647,750.4276536641914,306.44386262439104,-0.87,1.89,5000,5000,5000,5000,-6.26,19.0,8.0,20
273.2,106.6067303335772,752.3272349177722,307.24386262439106,-0.88,1.89,5000,5000,5000,5000,-6.26,19.0,8.0,20
273.3,105.98095796198794,754.226816171353,308.04386262439107,-0.89,1.89,5000,5000,5000,5000,-6.26,19.0,8.0,20
273.4,105.35518559039868,756.1263974249338,308.8438626243911,-0.89,1.89,5000,5000,5000,5000,-6.26,19.0,8.0,20
273.5,104.72941321880941,758.0259786785145,309.6438626243911,-0.9,1.89,5000,5000,5000,5000,-6.26,19.0,8.0,20
273.6,104.10364084722015,759.9255599320953,310.4438626243911,-0.91,1.89,5000,5000,5000,5000,-6.26,19.0,8.0,20
273.7,103.47786847563088,761.8251411856761,311.2438626243911,-0.92,1.89,5000,5000,5000,5000,-6.26,19.0,8.0,20
273.8,102.85209610404162,763.7247224392569,312.0438626243911,-0.92,1.89,5000,5000,5000,5000,-6.26,19.0,8.0,20
273.9,102.22632373245236,765.6243036928377,312.84386262439114,-0.93,1.89,5000,5000,5000,5000,-6.26,19.0,8.0,20
274.0,101.6005513608631,767.5238849464184,313.64386262439115,-0.94,1.89,5000,5000,5000,5000,-6.26,19.0,8.0,20
274.1,100.97477898927383,769.4234661999992,314.44386262439116,-0.95,1.89,5000,5000,5000,5000,-6.26,19.0,8.0,20
274.2,100.34900661768457,771.32304745358,315.24386262439117,-0.96,1.89,5000,5000,5000,5000,-6.26,19.0,8.0,20
274.3,99.7232342460953,773.2226287071608,316.0438626243912,-0.96,1.89,5000,5000,5000,5000,-6.26,19.0,8.0,20
274.4,99.09746187450604,775.1222099607415,316.8438626243912,-0.97,1.89,5000,5000,5000,5000,-6.26,19.0,8.0,20
274.5,98.47168950291677,777.0217912143223,317.6438626243912,-0.98,1.89,5000,5000,5000,5000,-6.26,19.0,8.0,20
274.6,97.84591713132751,778.9213724679031,318.4438626243912,-0.99,1.89,5000,5000,5000,5000,-6.26,19.0,8.0,20
274.7,97.22014475973825,780.8209537214839,319.2438626243912,-1.0,1.89,5000,5000,5000,5000,-6.26,19.0,8.0,20
274.8,96.59437238814898,782.7205349750647,320.04386262439124,-1.01,1.89,5000,5000,5000,5000,-6.26,19.0,8.0,20
274.9,95.96860001655972,784.6201162286454,320.84386262439125,-1.02,1.89,5000,5000,5000,5000,-6.26,19.0,8.0,20
275.0,95.34282764497046,786.5196974822262,321.64386262439126,-1.03,1.89,5000,5000,5000,5000,-6.26,19.0,8.0,20
275.1,94.71705527338119,788.419278735807,322.4438626243913,-1.04,1.89,5000,5000,5000,5000,-6.26,19.0,8.0,20
275.2,94.09128290179193,790.3188599893878,323.2438626243913,-1.06,1.89,5000,5000,5000,5000,-6.26,19.0,8.0,20
275.3,93.46551053020266,792.2184412429685,324.0438626243913,-1.07,1.89,5000,5000,5000,5000,-6.26,19.0,8.0,20
275.4,92.8397381586134,794.1180224965493,324.8438626243913,-1.08,1.89,5000,5000,5000,5000,-6.26,19.0,8.0,20
275.5,92.21396578702414,796.0176037501301,325.6438626243913,-1.09,1.89,5000,5000,5000,5000,-6.26,19.0,8.0,20
275.6,91.58819341543487,797.9171850037109,326.44386262439133,-1.1,1.89,5000,5000,5000,5000,-6.26,19.0,8.0,20
275.7,90.96242104384561,799.8167662572916,327.24386262439134,-1.12,1.89,5000,5000,5000,5000,-6.26,19.0,8.0,20
275.8,90.33664867225635,801.7163475108724,328.04386262439135,-1.13,1.89,5000,5000,5000,5000,-6.26,19.0,8.0,20
275.9,89.71087630066708,803.6159287644532,328.84386262439136,-1.15,1.89,5000,5000,5000,5000,-6.26,19.0,8.0,20
276.0,89.08510392907782,805.515510018034,329.6438626243914,-1.16,1.89,5000,5000,5000,5000,-6.26,19.0,8.0,20
276.1,88.45933155748857,807.4150912716148,330.4438626243914,-1.17,1.89,5000,5000,5000,5000,-6.26,19.0,8.0,20
276.2,87.8335591858993,809.3146725251955,331.2438626243914,-1.19,1.89,5000,5000,5000,5000,-6.26,19.0,8.0,20
276.3,87.20778681431005,811.2142537787763,332.0438626243914,-1.21,1.89,5000,5000,5000,5000,-6.26,19.0,8.0,20
276.4,86.5820144427208,813.1138350323571,332.8438626243914,-1.22,1.89,5000,5000,5000,5000,-6.26,19.0,8.0,20
276.5,85.95624207113156,815.0134162859379,333.64386262439143,-1.24,1.89,5000,5000,5000,5000,-6.26,19.0,8.0,20
276.6,85.3304696995423,816.9129975395186,334.44386262439144,-1.25,1.89,5000,5000,5000,5000,-6.26,19.0,8.0,20
276.7,84.70469732795304,818.8125787930994,335.24386262439145,-1.27,1.89,5000,5000,5000,5000,-6.26,19.0,8.0,20
276.8,84.07892495636379,820.7121600466802,336.04386262439147,-1.29,1.89,5000,5000,5000,5000,-6.26,19.0,8.0,20
276.9,83.45315258477454,822.611741300261,336.8438626243915,-1.31,1.89,5000,5000,5000,5000,-6.26,19.0,8.0,20
277.0,82.8273802131853,824.5113225538418,337.6438626243915,-1.33,1.89,5000,5000,5000,5000,-6.26,19.0,8.0,20
277.1,82.20160784159603,826.4109038074225,338.4438626243915,-1.35,1.89,5000,5000,5000,5000,-6.26,19.0,8.0,20
277.2,81.57583547000678,828.3104850610033,339.2438626243915,-1.37,1.89,5000,5000,5000,5000,-6.26,19.0,8.0,20
277.3,80.95006309841753,830.2100663145841,340.0438626243915,-1.39,1.89,5000,5000,5000,5000,-6.26,19.0,8.0,20
277.4,80.3784146848215,831.9453500366002,340.84386262439153,-1.41,1.89,5000,5000,5000,5000,-5.72,17.35,8.0,20
277.5,79.88298605970493,833.4492625956808,341.64386262439155,-1.43,1.89,5000,5000,5000,5000,-4.95,15.04,8.0,20
277.6,79.45361458460391,834.7526534802173,342.44386262439156,-1.45,1.89,5000,5000,5000,5000,-4.29,13.03,8.0,20
277.7,79.08149263951636,835.8822589134822,343.24386262439157,-1.46,1.89,5000,5000,5000,5000,-3.72,11.3,8.0,20
277.8,78.75898695377381,836.8612502889786,344.0438626243916,-1.48,1.89,5000,5000,5000,5000,-3.23,9.79,8.0,20
277.9,78.47948202613027,837.7097094810754,344.8438626243916,-1.49,1.89,5000,5000,5000,5000,-2.8,8.48,8.0,20
278.0,78.23724442217254,838.4450407808926,345.6438626243916,-1.5,1.89,5000,5000,5000,5000,-2.42,7.35,8.0,20
278.1,78.02730516540916,839.0823279074008,346.4438626243916,-1.51,1.89,5000,5000,5000,5000,-2.1,6.37,8.0,20
278.2,77.84535780954758,839.6346434170413,347.2438626243916,-1.51,1.89,5000,5000,5000,5000,-1.82,5.52,8.0,20
278.3,77.6876701011342,840.1133168587297,348.04386262439164,-1.52,1.89,5000,5000,5000,5000,-1.58,4.79,8.0,20
278.4,77.55100742050928,840.5281671748597,348.84386262439165,-1.53,1.89,5000,5000,5000,5000,-1.37,4.15,8.0,20
278.5,77.43256643063434,840.8877041155057,349.64386262439166,-1.53,1.89,5000,5000,5000,5000,-1.18,3.6,8.0,20
278.6,77.32991757274273,841.1993027973989,350.44386262439167,-1.54,1.89,5000,5000,5000,5000,-1.03,3.12,8.0,20
278.7,77.24095522923666,841.469354988373,351.2438626243917,-1.54,1.89,5000,5000,5000,5000,-0.89,2.7,8.0,20
278.8,77.16385453153141,841.7034002205505,352.0438626243917,-1.55,1.89,5000,5000,5000,5000,-0.77,2.34,8.0,20
278.9,77.09703392685353,841.906239421771,352.8438626243917,-1.55,1.89,5000,5000,5000,5000,-0.67,2.03,8.0,20
279.0,77.0391227361327,842.0820333961622,353.6438626243917,-1.55,1.89,5000,5000,5000,5000,-0.58,1.76,8.0,20
279.1,76.98893303750798,842.2343881739678,354.4438626243917,-1.55,1.89,5000,5000,5000,5000,-0.5,1.52,8.0,20
279.2,76.94543529869988,842.3664289813994,355.24386262439174,-1.56,1.89,5000,5000,5000,5000,-0.43,1.32,8.0,20
279.3,76.90773725839952,842.4808643478401,356.04386262439175,-1.56,1.89,5000,5000,5000,5000,-0.38,1.14,8.0,20
279.4,76.87506562347255,842.5800416654221,356.84386262439176,-1.56,1.89,5000,5000,5000,5000,-0.33,0.99,8.0,20
279.5,76.84675020653584,842.6659953406597,357.6438626243918,-1.56,1.89,5000,5000,5000,5000,-0.28,0.86,8.0,20
279.6,76.82221017852403,842.7404885258657,358.4438626243918,-1.56,1.89,5000,5000,5000,5000,-0.25,0.74,8.0,20
279.7,76.80094215424712,842.8050492863775,359.2438626243918,-1.56,1.89,5000,5000,5000,5000,-0.21,0.65,8.0,20
279.8,76.78250986654048,842.8610019454878,360.0438626243918,-1.56,1.89,5000,5000,5000,5000,-0.18,0.56,8.0,20
279.9,76.76653521719471,842.9094942500501,360.8438626243918,-1.56,1.89,5000,5000,5000,5000,-0.16,0.48,8.0,20
280.0,76.75269052109505,842.951520914004,361.64386262439183,-1.57,1.89,5000,5000,5000,5000,-0.14,0.42,8.0,20
280.1,76.74069178447535,842.9879440227642,362.44386262439184,-1.57,1.89,5000,5000,5000,5000,-0.12,0.36,8.0,20
280.2,76.73029287940493,843.0195107170229,363.24386262439185,-1.57,1.89,5000,5000,5000,5000,-0.1,0.32,8.0,20
280.3,76.72128049501057,843.0468685187137,364.04386262439186,-1.57,1.89,5000,5000,5000,5000,-0.09,0.27,8.0,20
280.4,76.7134697618688,843.0705786135125,364.8438626243919,-1.57,1.89,5000,5000,5000,5000,-0.08,0.24,8.0,20
280.5,76.7067004598126,843.091127362338,365.6438626243919,-1.57,1.89,5000,5000,5000,5000,-0.07,0.21,8.0,20
280.6,76.70083373136389,843.1089362779869,366.4438626243919,-1.57,1.89,5000,5000,5000,5000,-0.06,0.18,8.0,20
280.7,76.695749233375,843.1243706715493,367.2438626243919,-1.57,1.89,5000,5000,5000,5000,-0.05,0.15,8.0,20
280.8,76.6913426684513,843.13774714597,368.0438626243919,-1.57,1.89,5000,5000,5000,5000,-0.04,0.13,8.0,20
280.9,76.68752364551743,843.149340090468,368.84386262439193,-1.57,1.89,5000,5000,5000,5000,-0.04,0.12,8.0,20
281.0,76.68421382564141,843.1593873090328,369.64386262439194,-1.57,1.89,5000,5000,5000,5000,-0.03,0.1,8.0,20
281.1,76.68134531508218,843.1680948984557,370.44386262439195,-1.57,1.89,5000,5000,5000,5000,-0.03,0.09,8.0,20
281.2,76.67885927259752,843.1756414759556,371.24386262439197,-1.57,1.89,5000,5000,5000,5000,-0.02,0.08,8.0,20
281.3,76.67670470244416,843.1821818431221,372.043862624392,-1.57,1.89,5000,5000,5000,5000,-0.02,0.07,8.0,20
281.4,76.67483740831123,843.187850161333,372.843862624392,-1.57,1.89,5000,5000,5000,5000,-0.02,0.06,8.0,20
281.5,76.67321908672938,843.1927627037826,373.643862624392,-1.57,1.89,5000,5000,5000,5000,-0.02,0.05,8.0,20
281.6,76.67181654135842,843.1970202405722,374.443862624392,-1.57,1.89,5000,5000,5000,5000,-0.01,0.04,8.0,20
281.7,76.67060100203693,843.2007101057899,375.243862624392,-1.57,1.89,5000,5000,5000,5000,-0.01,0.04,8.0,20
281.8,76.66954753462498,843.2039079889785,376.04386262439203,-1.57,1.89,5000,5000,5000,5000,-0.01,0.03,8.0,20
281.9,76.66863452953461,843.206679487742,376.84386262439205,-1.57,1.89,5000,5000,5000,5000,-0.01,0.03,8.0,20
282.0,76.6678432584563,843.209081453337,377.64386262439206,-1.57,1.89,5000,5000,5000,5000,-0.01,0.02,8.0,20
282.1,76.66715749018843,843.2111631568528,378.44386262439207,-1.57,1.89,5000,5000,5000,5000,-0.01,0.02,8.0,20
282.2,76.66656315768961,843.2129672998997,379.2438626243921,-1.57,1.89,5000,5000,5000,5000,-0.01,0.02,8.0,20
282.3,76.66604806952397,843.2145308905403,380.0438626243921,-1.57,1.89,5000,5000,5000,5000,-0.01,0.02,8.0,20
282.4,76.6656016597804,843.2158860024289,380.8438626243921,-1.57,1.89,5000,5000,5000,5000,-0.0,0.01,8.0,20
282.5,76.66521477133598,843.2170604327323,381.6438626243921,-1.57,1.89,5000,5000,5000,5000,-0.0,0.01,8.0,20
282.6,76.66487946801749,843.2180782723286,382.4438626243921,-1.57,1.89,5000,5000,5000,5000,-0.0,0.01,8.0,20
282.7,76.66458887180812,843.2189603999788,383.24386262439214,-1.57,1.89,5000,5000,5000,5000,-0.0,0.01,8.0,20
282.8,76.66433702176,843.2197249106089,384.04386262439215,-1.57,1.89,5000,5000,5000,5000,-0.0,0.01,8.0,20
282.9,76.6641187517183,843.2203874864883,384.84386262439216,-1.57,1.89,5000,5000,5000,5000,-0.0,0.01,8.0,20
283.0,76.66392958434884,843.2209617189171,385.64386262439217,-1.57,1.89,5000,5000,5000,5000,-0.0,0.01,8.0,20
283.1,76.66376563929529,843.2214593870222,386.4438626243922,-1.57,1.89,5000,5000,5000,5000,-0.0,0.0,8.0,20
283.2,76.66362355358223,843.2218906993799,387.2438626243922,-1.57,1.89,5000,5000,5000,5000,-0.0,0.0,8.0,20
283.3,76.6635004126309,843.2222645034232,388.0438626243922,-1.57,1.89,5000,5000,5000,5000,-0.0,0.0,8.0,20
283.4,76.66339369047307,843.2225884669274,388.8438626243922,-1.57,1.89,5000,5000,5000,5000,-0.0,0.0,8.0,20
283.5,76.66330119793629,843.2228692352977,389.6438626243922,-1.57,1.89,5000,5000,5000,5000,-0.0,0.0,8.0,20
283.6,76.66322103773776,843.2231125678853,390.44386262439224,-1.57,1.89,5000,5000,5000,5000,-0.0,0.0,8.0,20
283.7,76.66315156556568,843.2233234561279,391.24386262439225,-1.57,1.89,5000,5000,5000,5000,-0.0,0.0,8.0,20
283.8,76.6630913563499,843.2235062259381,392.04386262439226,-1.57,1.89,5000,5000,5000,5000,-0.0,0.0,8.0,20
283.9,76.66303917502954,843.2236646264403,392.8438626243923,-1.57,1.89,5000,5000,5000,5000,-0.0,0.0,8.0,20
284.0,76.66299395121857,843.2238019068756,393.6438626243923,-1.57,1.89,5000,5000,5000,5000,-0.0,0.0,8.0,20
284.1,76.66295475724905,843.2239208832527,394.4438626243923,-1.57,1.89,5000,5000,5000,5000,-0.0,0.0,8.0,20
284.2,76.66292078914215,843.224023996113,395.2438626243923,-1.57,1.89,5000,5000,5000,5000,-0.0,0.0,8.0,20
284.3,76.66289135011617,843.2241133605919,396.0438626243923,-1.57,1.89,5000,5000,5000,5000,-0.0,0.0,8.0,20
284.4,76.66286583629365,843.2241908098069,396.84386262439233,-1.57,1.89,5000,5000,5000,5000,-0.0,0.0,8.0,20
284.5,76.66284372431413,843.22425793246,397.64386262439234,-1.57,1.89,5000,5000,5000,5000,-0.0,0.0,8.0,20
284.6,76.66282456059855,843.2243161054259,398.44386262439235,-1.57,1.89,5000,5000,5000,5000,-0.0,0.0,8.0,20
284.7,76.66280795204504,843.2243665219964,399.24386262439236,-1.57,1.89,5000,5000,5000,5000,-0.0,0.0,8.0,20
284.8,76.66279355796534,843.2244102163576,400.0438626243924,-1.57,1.89,5000,5000,5000,5000,-0.0,0.0,8.0,20
284.9,76.66278108309626,843.2244480848038,400.8438626243924,-1.57,1.89,5000,5000,5000,5000,-0.0,0.0,8.0,20
285.0,76.66277027154307,843.224480904124,401.6438626243924,-1.57,1.89,5000,5000,5000,5000,-0.0,0.0,8.0,20
285.1,76.66276090153029,843.2245093475348,402.4438626243924,-1.57,1.89,5000,5000,5000,5000,-0.0,0.0,8.0,20
285.2,76.66275278085256,843.2245339984908,403.2438626243924,-1.57,1.89,5000,5000,5000,5000,-0.0,0.0,8.0,20
285.3,76.66274574293185,843.2245553626526,404.04386262439243,-1.57,1.89,5000,5000,5000,5000,-0.0,0.0,8.0,20
285.4,76.66273964340057,843.2245738782595,404.84386262439244,-1.57,1.89,5000,5000,5000,5000,-0.0,0.0,8.0,20
285.5,76.66273435714012,843.2245899251188,405.64386262439245,-1.57,1.89,5000,5000,5000,5000,-0.0,0.0,8.0,20
285.6,76.66272977571441,843.224603832397,406.44386262439247,-1.57,1.89,5000,5000,5000,5000,-0.0,0.0,8.0,20
285.7,76.66272580514546,843.2246158853713,407.2438626243925,-1.57,1.89,5000,5000,5000,5000,-0.0,0.0,8.0,20
285.8,76.6627223639857,843.2246263312825,408.0438626243925,-1.57,1.89,5000,5000,5000,5000,-0.0,0.0,8.0,20
285.9,76.66271938164724,843.2246353844055,408.8438626243925,-1.57,1.89,5000,5000,5000,5000,-0.0,0.0,8.0,20
286.0,76.6627167969539,843.2246432304454,409.6438626243925,-1.57,1.89,5000,5000,5000,5000,-0.0,0.0,8.0,20
286.1,76.66271455688634,843.2246500303467,410.4345672242879,-1.57,1.89,4940,4940,4940,4940,-0.0,0.0,7.91,20
286.2,76.66271261549447,843.2246559235944,411.1831009121888,-1.57,1.89,4880,4880,4880,4880,-0.0,0.0,7.49,20
286.3,76.66271093295484,843.2246610310757,411.89171280340173,-1.57,1.89,4820,4820,4820,4820,-0.0,0.0,7.09,20
286.4,76.66270947475383,843.2246654575596,412.56253206041663,-1.57,1.89,4760,4760,4760,4760,-0.0,0.0,6.71,20
286.5,76.66270821097962,843.2246692938456,413.1975742903907,-1.57,1.89,4700,4700,4700,4700,-0.0,0.0,6.35,20
286.6,76.66270711570864,843.2246726186269,413.79874760143286,-1.57,1.89,4640,4640,4640,4640,-0.0,0.0,6.01,20
286.7,76.6627061664738,843.2246755001039,414.36785833588607,-1.57,1.89,4580,4580,4580,4580,-0.0,0.0,5.69,20
286.8,76.6627053438036,843.224677997384,414.9066164978351,-1.57,1.89,4520,4520,4520,4520,-0.0,0.0,5.39,20
286.9,76.66270463082274,843.2246801616934,415.41664089114687,-1.57,1.89,4460,4460,4460,4460,-0.0,0.0,5.1,20
287.0,76.66270401290602,843.2246820374282,415.899463983482,-1.57,1.89,4400,4400,4400,4400,-0.0,0.0,4.83,20
287.1,76.66270347737819,843.2246836630651,416.3565365108926,-1.57,1.89,4340,4340,4340,4340,-0.0,0.0,4.57,20
287.2,76.66270301325406,843.2246850719504,416.78923183684134,-1.57,1.89,4280,4280,4280,4280,-0.0,0.0,4.33,20
287.3,76.66270261101316,843.2246862929843,417.19885007873944,-1.57,1.89,4220,4220,4220,4220,-0.0,0.0,4.1,20
287.4,76.66270226240437,843.2246873512137,417.58662201440296,-1.57,1.89,4160,4160,4160,4160,-0.0,0.0,3.88,20
287.5,76.66270196027675,843.2246882683457,417.95371278016444,-1.57,1.89,4100,4100,4100,4100,-0.0,0.0,3.67,20
287.6,76.66270169843281,843.2246890631936,418.30122537175197,-1.57,1.89,4040,4040,4040,4040,-0.0,0.0,3.48,20
287.7,76.6627014715014,843.2246897520617,418.63020395845484,-1.57,1.89,3980,3980,3980,3980,-0.0,0.0,3.29,20
287.8,76.66270127482753,843.2246903490808,418.94163702053356,-1.57,1.89,3920,3920,3920,3920,-0.0,0.0,3.11,20
287.9,76.66270110437682,843.2246908664973,419.2364603193014,-1.57,1.89,3860,3860,3860,3860,-0.0,0.0,2.95,20
288.0,76.66270095665288,843.2246913149249,419.5155597088016,-1.57,1.89,3800,3800,3800,3800,-0.0,0.0,2.79,20
288.1,76.66270082862546,843.2246917035623,419.7797737975285,-1.57,1.89,3740,3740,3740,3740,-0.0,0.0,2.64,20
288.2,76.66270071766837,843.2246920403812,420.0298964681899,-1.57,1.89,3680,3680,3680,3680,-0.0,0.0,2.5,20
288.3,76.66270062150555,843.224692332291,420.2666792630828,-1.57,1.89,3620,3620,3620,3620,-0.0,0.0,2.37,20
288.4,76.66270053816444,843.2246925852795,420.490833642248,-1.57,1.89,3560,3560,3560,3560,-0.0,0.0,2.24,20
288.5,76.66270046593549,843.2246928045362,420.7030331211911,-1.57,1.89,3500,3500,3500,3500,-0.0,0.0,2.12,20
288.6,76.66270040333706,843.2246929945586,420.90391529459055,-1.57,1.89,3440,3440,3440,3440,-0.0,0.0,2.01,20
288.7,76.66270034908509,843.2246931592448,421.09408375207533,-1.57,1.89,3380,3380,3380,3380,-0.0,0.0,1.9,20
288.8,76.66270030206671,843.2246933019728,421.2741098918276,-1.57,1.89,3320,3320,3320,3320,-0.0,0.0,1.8,20
288.9,76.66270026131745,843.2246934256704,421.44453463745975,-1.57,1.89,3260,3260,3260,3260,-0.0,0.0,1.7,20
289.0,76.66270022600143,843.2246935328749,421.60587006332486,-1.57,1.89,3200,3200,3200,3200,-0.0,0.0,1.61,20
289.1,76.66270019539421,843.2246936257856,421.75860093314384,-1.57,1.89,3140,3140,3140,3140,-0.0,0.0,1.53,20
289.2,76.66270016886794,843.2246937063081,421.9031861565725,-1.57,1.89,3080,3080,3080,3080,-0.0,0.0,1.45,20
289.3,76.66270014587852,843.2246937760943,422.0400601680849,-1.57,1.89,3140,3140,3140,3140,-0.0,0.0,1.37,20
289.4,76.66270012595434,843.2246938365757,422.1696342323167,-1.57,1.89,3080,3080,3080,3080,-0.0,0.0,1.3,20
289.5,76.66270010868674,843.2246938889929,422.29229767978944,-1.57,1.89,3020,3020,3020,3020,-0.0,0.0,1.23,20
289.6,76.66270009372147,843.2246939344211,422.4084190767303,-1.57,1.89,3080,3080,3080,3080,-0.0,0.0,1.16,20
289.7,76.66270008075158,843.2246939737922,422.518347332501,-1.57,1.89,3020,3020,3020,3020,-0.0,0.0,1.1,20
289.8,76.84074638018124,843.133592180096,422.75444545569536,-0.05,-0.47,3080,3080,3080,3080,1.78,-0.91,2.36,20
289.9,77.05440192564129,843.0242700347501,422.9716557290342,-0.05,-0.47,3140,3140,3140,3140,2.14,-1.09,2.17,20
290.0,77.31078858019333,842.893083460335,423.1714891805059,-0.05,-0.47,3200,3200,3200,3200,2.56,-1.31,2.0,20
290.1,77.61845256565577,842.7356595710369,423.35533595585986,-0.05,-0.47,3260,3260,3260,3260,3.08,-1.57,1.84,20
290.2,77.98764934821071,842.5467509038791,423.52447498918553,-0.05,-0.47,3282,3282,3282,3282,3.69,-1.89,1.69,20
290.3,78.43068548727663,842.3200605032898,423.68008289984516,-0.05,-0.47,3222,3222,3222,3222,4.43,-2.27,1.56,20
290.4,78.96232885415574,842.0480320225827,423.823242177652,-0.05,-0.47,3231,3231,3231,3231,5.32,-2.72,1.43,20
290.5,79.60030089441067,841.7215978457341,423.9549487132343,-0.05,-0.47,3171,3171,3171,3171,6.38,-3.26,1.32,20
290.6,80.36586734271658,841.3298768335159,424.07611872597,-0.05,-0.47,3231,3231,3231,3231,7.66,-3.92,1.21,20
290.7,81.28454708068368,840.8598116188539,424.18759513768686,-0.05,-0.47,3171,3171,3171,3171,9.19,-4.7,1.11,20
290.8,82.3869627662442,840.2957333612595,424.29015343646637,-0.05,-0.47,3231,3231,3231,3231,11.02,-5.64,1.03,20
290.9,83.70986158891681,839.6188394521463,424.38450707134353,-0.05,-0.47,3291,3291,3291,3291,13.23,-6.77,0.94,20
291.0,85.29734017612395,838.8065667612104,424.47131241543053,-0.05,-0.47,3261,3261,3261,3261,15.87,-8.12,0.87,20
291.1,87.0778026906914,837.8955490697136,424.5514514988705,-0.05,-0.47,3321,3321,3321,3321,17.8,-9.11,0.8,20
291.2,88.85826520525885,836.9845313782168,424.6380017089857,-0.05,-0.47,3343,3343,3343,3343,17.8,-9.11,0.87,20
291.3,90.63872771982629,836.07351368672,424.7314759359101,-0.05,-0.47,3354,3354,3354,3354,17.8,-9.11,0.93,20
291.4,92.41919023439374,835.1624959952233,424.83242810098847,-0.05,-0.47,3414,3414,3414,3414,17.8,-9.11,1.01,20
291.5,94.19965274896119,834.2514783037265,424.9414564392731,-0.05,-0.47,3354,3354,3354,3354,17.8,-9.11,1.09,20
291.6,95.98011526352863,833.3404606122297,425.0592070446205,-0.05,-0.47,3414,3414,3414,3414,17.8,-9.11,1.18,20
291.7,97.76057777809608,832.4294429207329,425.1863776983957,-0.05,-0.47,3474,3474,3474,3474,17.8,-9.11,1.27,20
291.8,99.54104029266352,831.5184252292361,425.32372200447287,-0.05,-0.47,3462,3462,3462,3462,17.8,-9.11,1.37,20
291.9,101.32150280723097,830.6074075377393,425.4720538550362,-0.05,-0.47,3522,3522,3522,3522,17.8,-9.11,1.48,20
292.0,103.10196532179842,829.6963898462425,425.63225225364465,-0.05,-0.47,3582,3582,3582,3582,17.8,-9.11,1.6,20
292.1,104.88242783636586,828.7853721547457,425.80526652414176,-0.05,-0.47,3540,3540,3540,3540,17.8,-9.11,1.73,20
292.2,106.66289035093331,827.8743544632489,425.99212193627864,-0.05,-0.47,3600,3600,3600,3600,17.8,-9.11,1.87,20
292.3,108.44335286550076,826.9633367717521,426.1939257813865,-0.05,-0.47,3660,3660,3660,3660,17.8,-9.11,2.02,20
292.4,110.2238153800682,826.0523190802553,426.41187393410297,-0.05,-0.47,3720,3720,3720,3720,17.8,-9.11,2.18,20
292.5,112.00427789463565,825.1413013887585,426.64725793903676,-0.05,-0.47,3780,3780,3780,3780,17.8,-9.11,2.35,20
292.6,113.7847404092031,824.2302836972617,426.90147266436526,-0.05,-0.47,3840,3840,3840,3840,17.8,-9.11,2.54,20
292.7,115.56520292377054,823.3192660057649,427.17602456772005,-0.05,-0.47,3900,3900,3900,3900,17.8,-9.11,2.75,20
292.8,117.34566543833799,822.4082483142681,427.4725406233432,-0.05,-0.47,3960,3960,3960,3960,17.8,-9.11,2.97,20
292.9,119.12612795290543,821.4972306227713,427.7927779634162,-0.05,-0.47,4020,4020,4020,4020,17.8,-9.11,3.2,20
293.0,120.90659046747288,820.5862129312745,428.13863429069505,-0.05,-0.47,4080,4080,4080,4080,17.8,-9.11,3.46,20
293.1,122.68705298204033,819.6751952397777,428.5121591241562,-0.05,-0.47,4140,4140,4140,4140,17.8,-9.11,3.74,20
293.2,124.46751549660777,818.7641775482809,428.91556594429426,-0.05,-0.47,4200,4200,4200,4200,17.8,-9.11,4.03,20
293.3,126.24797801117522,817.8531598567841,429.35124531004334,-0.05,-0.47,4260,4260,4260,4260,17.8,-9.11,4.36,20
293.4,128.02844052574267,816.9421421652874,429.82177902505236,-0.05,-0.47,4320,4320,4320,4320,17.8,-9.11,4.71,20
293.5,129.8089030403101,816.0311244737906,430.3299554372621,-0.05,-0.47,4380,4380,4380,4380,17.8,-9.11,5.08,20
293.6,131.58936555487753,815.1201067822938,430.8787859624486,-0.05,-0.47,4440,4440,4440,4440,17.8,-9.11,5.49,20
293.7,133.36982806944496,814.209089090797,431.47152292965,-0.05,-0.47,4500,4500,4500,4500,17.8,-9.11,5.93,20
293.8,135.1502905840124,813.2980713993002,432.11167885422753,-0.05,-0.47,4560,4560,4560,4560,17.8,-9.11,6.4,20
293.9,136.93075309857983,812.3870537078034,432.8030472527713,-0.05,-0.47,4620,4620,4620,4620,17.8,-9.11,6.91,20
294.0,138.71121561314726,811.4760360163066,433.5497251231985,-0.05,-0.47,4680,4680,4680,4680,17.8,-9.11,7.47,20
294.1,140.4916781277147,810.5650183248098,434.34972512319854,-0.05,-0.47,4740,4740,4740,4740,17.8,-9.11,8.0,20
294.2,142.27214064228212,809.654000633313,435.14972512319855,-0.05,-0.47,4800,4800,4800,4800,17.8,-9.11,8.0,20
294.3,144.05260315684956,808.7429829418162,435.94972512319856,-0.05,-0.47,4860,4860,4860,4860,17.8,-9.11,8.0,20
294.4,145.833065671417,807.8319652503194,436.7497251231986,-0.04,-0.47,4920,4920,4920,4920,17.8,-9.11,8.0,20
294.5,147.61352818598442,806.9209475588226,437.5497251231986,-0.04,-0.47,4980,4980,4980,4980,17.8,-9.11,8.0,20
294.6,149.39399070055185,806.0099298673258,438.3497251231986,-0.04,-0.47,5000,5000,5000,5000,17.8,-9.11,8.0,20
294.7,151.17445321511929,805.098912175829,439.1497251231986,-0.04,-0.47,5000,5000,5000,5000,17.8,-9.11,8.0,20
294.8,152.95491572968672,804.1878944843322,439.9497251231986,-0.04,-0.47,5000,5000,5000,5000,17.8,-9.11,8.0,20
294.9,154.73537824425415,803.2768767928354,440.74972512319863,-0.04,-0.47,5000,5000,5000,5000,17.8,-9.11,8.0,20
295.0,156.51584075882158,802.3658591013386,441.54972512319864,-0.04,-0.47,5000,5000,5000,5000,17.8,-9.11,8.0,20
295.1,158.29630327338901,801.4548414098418,442.34972512319865,-0.04,-0.47,5000,5000,5000,5000,17.8,-9.11,8.0,20
295.2,160.07676578795645,800.543823718345,443.14972512319866,-0.04,-0.47,5000,5000,5000,5000,17.8,-9.11,8.0,20
295.3,161.85722830252388,799.6328060268482,443.9497251231987,-0.04,-0.47,5000,5000,5000,5000,17.8,-9.11,8.0,20
295.4,163.6376908170913,798.7217883353514,444.7497251231987,-0.04,-0.47,5000,5000,5000,5000,17.8,-9.11,8.0,20
295.5,165.41815333165874,797.8107706438547,445.5497251231987,-0.04,-0.47,5000,5000,5000,5000,17.8,-9.11,8.0,20
295.6,167.19861584622618,796.8997529523579,446.3497251231987,-0.03,-0.47,5000,5000,5000,5000,17.8,-9.11,8.0,20
295.7,168.9790783607936,795.9887352608611,447.1497251231987,-0.03,-0.47,5000,5000,5000,5000,17.8,-9.11,8.0,20
295.8,170.75954087536104,795.0777175693643,447.94972512319873,-0.03,-0.47,5000,5000,5000,5000,17.8,-9.11,8.0,20
295.9,172.54000338992847,794.1666998778675,448.74972512319874,-0.03,-0.47,5000,5000,5000,5000,17.8,-9.11,8.0,20
296.0,174.3204659044959,793.2556821863707,449.54972512319875,-0.03,-0.47,5000,5000,5000,5000,17.8,-9.11,8.0,20
296.1,176.10092841906334,792.3446644948739,450.34972512319877,-0.03,-0.47,5000,5000,5000,5000,17.8,-9.11,8.0,20
296.2,177.88139093363077,791.4336468033771,451.1497251231988,-0.03,-0.47,5000,5000,5000,5000,17.8,-9.11,8.0,20
296.3,179.6618534481982,790.5226291118803,451.9497251231988,-0.03,-0.47,5000,5000,5000,5000,17.8,-9.11,8.0,20
296.4,181.44231596276563,789.6116114203835,452.7497251231988,-0.03,-0.47,5000,5000,5000,5000,17.8,-9.11,8.0,20
296.5,183.22277847733307,788.7005937288867,453.5497251231988,-0.03,-0.47,5000,5000,5000,5000,17.8,-9.11,8.0,20
296.6,185.0032409919005,787.7895760373899,454.3497251231988,-0.03,-0.47,5000,5000,5000,5000,17.8,-9.11,8.0,20
296.7,186.78370350646793,786.8785583458931,455.14972512319883,-0.03,-0.47,5000,5000,5000,5000,17.8,-9.11,8.0,20
296.8,188.56416602103536,785.9675406543963,455.94972512319885,-0.03,-0.47,5000,5000,5000,5000,17.8,-9.11,8.0,20
296.9,190.3446285356028,785.0565229628995,456.74972512319886,-0.02,-0.47,5000,5000,5000,5000,17.8,-9.11,8.0,20
297.0,192.12509105017023,784.1455052714027,457.54972512319887,-0.02,-0.47,5000,5000,5000,5000,17.8,-9.11,8.0,20
297.1,193.90555356473766,783.2344875799059,458.3497251231989,-0.02,-0.47,5000,5000,5000,5000,17.8,-9.11,8.0,20
297.2,195.6860160793051,782.3234698884091,459.1497251231989,-0.02,-0.47,5000,5000,5000,5000,17.8,-9.11,8.0,20
297.3,197.46647859387252,781.4124521969123,459.9497251231989,-0.02,-0.47,5000,5000,5000,5000,17.8,-9.11,8.0,20
297.4,199.24694110843996,780.5014345054155,460.7497251231989,-0.02,-0.47,5000,5000,5000,5000,17.8,-9.11,8.0,20
297.5,201.0274036230074,779.5904168139188,461.5497251231989,-0.02,-0.47,5000,5000,5000,5000,17.8,-9.11,8.0,20
297.6,202.80786613757482,778.679399122422,462.34972512319894,-0.02,-0.47,5000,5000,5000,5000,17.8,-9.11,8.0,20
297.7,204.58832865214225,777.7683814309252,463.14408978619275,-0.02,-0.47,5000,5000,5000,5000,17.8,-9.11,7.94,20
297.8,206.36879116670968,776.8573637394284,463.89608833382687,-0.02,-0.47,5000,5000,5000,5000,17.8,-9.11,7.52,20
297.9,208.14925368127712,775.9463460479316,464.60798029225384,-0.02,-0.47,5000,5000,5000,5000,17.8,-9.11,7.12,20
298.0,209.92971619584455,775.0353283564348,465.2819046795647,-0.01,-0.47,5000,5000,5000,5000,17.8,-9.11,6.74,20
298.1,211.71017871041198,774.124310664938,465.9198864328857,-0.01,-0.47,4940,4940,4940,4940,17.8,-9.11,6.38,20
298.2,213.4906412249794,773.2132929734412,466.5238424926962,-0.01,-0.47,4880,4880,4880,4880,17.8,-9.11,6.04,20
298.3,215.27110373954685,772.3022752819444,467.0955875626501,-0.01,-0.47,4820,4820,4820,4820,17.8,-9.11,5.72,20
298.4,217.05156625411428,771.3912575904476,467.6368395622065,-0.01,-0.47,4760,4760,4760,4760,17.8,-9.11,5.41,20
298.5,218.8320287686817,770.4802398989508,468.14922478845324,-0.01,-0.47,4700,4700,4700,4700,17.8,-9.11,5.12,20
298.6,220.61249128324914,769.569222207454,468.6342828026335,-0.01,-0.47,4640,4640,4640,4640,17.8,-9.11,4.85,20
298.7,222.39295379781657,768.6582045159572,469.09347105605747,-0.01,-0.47,4580,4580,4580,4580,17.8,-9.11,4.59,20
298.8,224.173416312384,767.7471868244604,469.5281692692988,-0.01,-0.47,4520,4520,4520,4520,17.8,-9.11,4.35,20
298.9,225.95387882695144,766.8361691329636,469.93968357783393,-0.01,-0.47,4460,4460,4460,4460,17.8,-9.11,4.12,20
299.0,227.73434134151887,765.9251514414668,470.32925045658055,-0.01,-0.47,4400,4400,4400,4400,17.8,-9.11,3.9,20
299.1,229.5148038560863,765.01413374997,470.6980404351273,-0.01,-0.47,4340,4340,4340,4340,17.8,-9.11,3.69,20
299.2,231.29526637065374,764.1031160584732,471.04716161481826,-0.01,-0.47,4280,4280,4280,4280,17.8,-9.11,3.49,20
299.3,233.07572888522117,763.1920983669764,471.37766299825904,-0.01,-0.47,4220,4220,4220,4220,17.8,-9.11,3.31,20
299.4,234.8561913997886,762.2810806754796,471.69053764124965,-0.01,-0.47,4160,4160,4160,4160,17.8,-9.11,3.13,20
299.5,236.63665391435603,761.3700629839828,471.9867256366141,-0.01,-0.47,4100,4100,4100,4100,17.8,-9.11,2.96,20
299.6,238.41711642892346,760.459045292486,472.2671169388924,-0.01,-0.47,4040,4040,4040,4040,17.8,-9.11,2.8,20
299.7,240.1975789434909,759.5480276009893,472.53255403838256,-0.01,-0.47,3980,3980,3980,3980,17.8,-9.11,2.65,20
299.8,241.97804145805833,758.6370099094925,472.78383449256654,-0.01,-0.47,3920,3920,3920,3920,17.8,-9.11,2.51,20
299.9,243.75850397262576,757.7259922179957,473.0217133225274,-0.01,-0.47,3860,3860,3860,3860,17.8,-9.11,2.38,20
300.0,245.5389664871932,756.8149745264989,473.24690528155696,-0.01,-0.47,3800,3800,3800,3800,17.8,-9.11,2.25,20
300.1,247.31942900176062,755.9039568350021,473.4600870027717,-0.0,-0.47,3740,3740,3740,3740,17.8,-9.11,2.13,20
300.2,249.09989151632806,754.9929391435053,473.6618990321883,-0.0,-0.47,3680,3680,3680,3680,17.8,-9.11,2.02,20
300.3,250.8803540308955,754.0819214520085,473.8529477533693,-0.0,-0.47,3620,3620,3620,3620,17.8,-9.11,1.91,20
300.4,252.66081654546292,753.1709037605117,474.0338072094207,-0.0,-0.47,3560,3560,3560,3560,17.8,-9.11,1.81,20
300.5,254.44127906003035,752.2598860690149,474.205020827816,-0.0,-0.47,3606,3606,3606,3606,17.8,-9.11,1.71,20
300.6,256.2217415745978,751.3488683775181,474.3671030532302,-0.0,-0.47,3546,3546,3546,3546,17.8,-9.11,1.62,20
300.7,258.0022040891652,750.4378506860213,474.520540893289,-0.0,-0.47,3486,3486,3486,3486,17.8,-9.11,1.53,20
300.8,259.78266660373265,749.5268329945245,474.665795381878,-0.0,-0.47,3528,3528,3528,3528,17.8,-9.11,1.45,20
300.9,261.5631291183001,748.6158153030277,474.80330296440894,-0.0,-0.47,3468,3468,3468,3468,17.8,-9.11,1.38,20
301.0,263.3435916328675,747.7047976115309,474.9334768092049,-0.0,-0.47,3408,3408,3408,3408,17.8,-9.11,1.3,20
301.1,265.12405414743495,746.7937799200341,475.05670804894504,-0.0,-0.47,3468,3468,3468,3468,17.8,-9.11,1.23,20
301.2,266.9045166620024,745.8827622285373,475.17336695589904,-0.0,-0.47,3408,3408,3408,3408,17.8,-9.11,1.17,20
301.3,268.6849791765698,744.9717445370405,475.2838040544822,-0.0,-0.47,3348,3348,3348,3348,17.8,-9.11,1.1,20
301.4,270.46544169113724,744.0607268455437,475.3883511744742,-0.0,-0.47,3408,3408,3408,3408,17.8,-9.11,1.05,20
301.5,272.2459042057047,743.149709154047,475.48732244806666,-0.0,-0.47,3348,3348,3348,3348,17.8,-9.11,0.99,20
301.6,274.0263667202721,742.2386914625502,475.58101525373417,-0.0,-0.47,3338,3338,3338,3338,17.8,-9.11,0.94,20
301.7,275.80682923483954,741.3276737710534,475.66971110976607,-0.0,-0.47,3304,3304,3304,3304,17.8,-9.11,0.89,20
301.8,277.587291749407,740.4166560795566,475.75367652014296,-0.0,-0.47,3364,3364,3364,3364,17.8,-9.11,0.84,20
301.9,279.3677542639744,739.5056383880598,475.83316377529974,-0.0,-0.47,3304,3304,3304,3304,17.8,-9.11,0.79,20
302.0,281.14821677854184,738.594620696563,475.9084117101815,-0.0,-0.47,3248,3248,3248,3248,17.8,-9.11,0.75,20
302.1,282.92867929310927,737.6836030050662,475.9796464218696,-0.0,-0.47,3308,3308,3308,3308,17.8,-9.11,0.71,20
302.2,284.7091418076767,736.7725853135694,476.04708194893425,-0.0,-0.47,3248,3248,3248,3248,17.8,-9.11,0.67,20
302.3,286.48960432224413,735.8615676220726,476.1109209145555,-0.0,-0.47,3308,3308,3308,3308,17.8,-9.11,0.64,20
302.4,288.27006683681157,734.9505499305758,476.1713551353436,-0.0,-0.47,3248,3248,3248,3248,17.8,-9.11,0.6,20
302.5,290.050529351379,734.039532239079,476.2285661976897,-0.0,-0.47,3215,3215,3215,3215,17.8,-9.11,0.57,20
302.6,291.83099186594643,733.1285145475822,476.2827260033773,-0.0,-0.47,3275,3275,3275,3275,17.8,-9.11,0.54,20
302.7,293.61145438051386,732.2174968560854,476.3339972860949,-0.0,-0.47,3215,3215,3215,3215,17.8,-9.11,0.51,20
302.8,295.3919168950813,731.3064791645886,476.38253410040096,-0.0,-0.47,3221,3221,3221,3221,17.8,-9.11,0.49,20
302.9,297.1723794096487,730.3954614730918,476.42848228461065,-0.0,-0.47,3161,3161,3161,3161,17.8,-9.11,0.46,20
303.0,298.95284192421616,729.484443781595,476.4719798989958,-0.0,-0.47,3221,3221,3221,3221,17.8,-9.11,0.43,20
303.1,300.7333044387836,728.5734260900982,476.51315764061377,-0.0,-0.47,3161,3161,3161,3161,17.8,-9.11,0.41,20
303.2,302.513766953351,727.6624083986014,476.5521392360121,-0.0,-0.47,3221,3221,3221,3221,17.8,-9.11,0.39,20
303.3,304.29422946791846,726.7513907071046,476.5890418129892,-0.0,-0.47,3161,3161,3161,3161,17.8,-9.11,0.37,20
303.4,306.0746919824859,725.8403730156078,476.6239762525275,-0.0,-0.47,3221,3221,3221,3221,17.8,-9.11,0.35,20
303.5,307.8551544970533,724.929355324111,476.6570475219571,-0.0,-0.47,3161,3161,3161,3161,17.8,-9.11,0.33,20
303.6,309.63561701162075,724.0183376326142,476.6883549903505,-0.0,-0.47,3190,3190,3190,3190,17.8,-9.11,0.31,20
303.7,311.4160795261882,723.1073199411175,476.7179927270962,-0.0,-0.47,3130,3130,3130,3130,17.8,-9.11,0.3,20
303.8,313.1965420407556,722.1963022496207,476.7460497845488,-0.0,-0.47,3190,3190,3190,3190,17.8,-9.11,0.28,20
303.9,314.97700455532305,721.2852845581239,476.7726104656039,-0.0,-0.47,3130,3130,3130,3130,17.8,-9.11,0.27,20
304.0,316.7574670698905,720.3742668666271,476.79775457700276,-0.0,-0.47,3190,3190,3190,3190,17.8,-9.11,0.25,20
304.1,318.5379295844579,719.4632491751303,476.821557669127,-0.0,-0.47,3130,3130,3130,3130,17.8,-9.11,0.24,20
304.2,320.31839209902535,718.5522314836335,476.84409126300466,-0.0,-0.47,3188,3188,3188,3188,17.8,-9.11,0.23,20
304.3,322.0988546135928,717.6412137921367,476.8654230652088,-0.0,-0.47,3128,3128,3128,3128,17.8,-9.11,0.21,20
304.4,323.8793171281602,716.7301961006399,476.8856171712954,-0.0,-0.47,3162,3162,3162,3162,17.8,-9.11,0.2,20
304.5,325.65977964272764,715.8191784091431,476.9047342583907,-0.0,-0.47,3102,3102,3102,3102,17.8,-9.11,0.19,20
304.6,327.4402421572951,714.9081607176463,476.9228317675076,-0.0,-0.47,3162,3162,3162,3162,17.8,-9.11,0.18,20
304.7,329.2207046718625,713.9971430261495,476.93996407613827,-0.0,-0.47,3102,3102,3102,3102,17.8,-9.11,0.17,20
304.8,331.00116718642994,713.0861253346527,476.95618266164195,-0.0,-0.47,3162,3162,3162,3162,17.8,-9.11,0.16,20
304.9,332.78162970099737,712.1751076431559,476.9715362559188,-0.0,-0.47,3102,3102,3102,3102,17.8,-9.11,0.15,20
305.0,334.5620922155648,711.2640899516591,476.9860709918342,-0.0,-0.47,3162,3162,3162,3162,17.8,-9.11,0.15,20
305.1,336.34255473013224,710.3530722601623,476.9998305418341,-0.0,-0.47,3102,3102,3102,3102,17.8,-9.11,0.14,20
305.2,338.12301724469967,709.4420545686655,477.0128562491674,-0.0,-0.47,3162,3162,3162,3162,17.8,-9.11,0.13,20
305.3,339.9034797592671,708.5310368771687,477.0251872521095,-0.0,-0.47,3102,3102,3102,3102,17.8,-9.11,0.12,20
305.4,341.68394227383453,707.6200191856719,477.0368606015614,-0.0,-0.47,3144,3144,3144,3144,17.8,-9.11,0.12,20
305.5,343.46440478840196,706.7090014941751,477.04791137237584,-0.0,-0.47,3084,3084,3084,3084,17.8,-9.11,0.11,20
305.6,345.2448673029694,705.7979838026783,477.0583727687469,-0.0,-0.47,3144,3144,3144,3144,17.8,-9.11,0.1,20
305.7,347.02532981753683,704.8869661111816,477.06827622397816,-0.0,-0.47,3084,3084,3084,3084,17.8,-9.11,0.1,20
305.8,348.80579233210426,703.9759484196848,477.0776514949304,-0.0,-0.47,3144,3144,3144,3144,17.8,-9.11,0.09,20
305.9,350.5862548466717,703.064930728188,477.08652675143185,-0.0,-0.47,3084,3084,3084,3084,17.8,-9.11,0.09,20
306.0,352.3667173612391,702.1539130366912,477.0949286609199,-0.0,-0.47,3144,3144,3144,3144,17.8,-9.11,0.08,20
306.1,354.14717987580656,701.2428953451944,477.10288246856857,-0.0,-0.47,3084,3084,3084,3084,17.8,-9.11,0.08,20
306.2,355.927642390374,700.3318776536976,477.11041207314264,-0.0,-0.47,3144,3144,3144,3144,17.8,-9.11,0.08,20
306.3,357.7081049049414,699.4208599622008,477.1175400988061,-0.0,-0.47,3084,3084,3084,3084,17.8,-9.11,0.07,20
306.4,359.48856741950885,698.509842270704,477.12428796310087,-0.0,-0.47,3144,3144,3144,3144,17.8,-9.11,0.07,20
306.5,361.2690299340763,697.5988245792072,477.1306759412999,-0.0,-0.47,3084,3084,3084,3084,17.8,-9.11,0.06,20
306.6,363.0494924486437,696.6878068877104,477.13672322732833,-0.0,-0.47,3134,3134,3134,3134,17.8,-9.11,0.06,20
306.7,364.82995496321115,695.7767891962136,477.14244799143523,-0.0,-0.47,3074,3074,3074,3074,17.8,-9.11,0.06,20
306.8,366.6104174777786,694.8657715047168,477.14786743478976,-0.0,-0.47,3134,3134,3134,3134,17.8,-9.11,0.05,20
306.9,368.390879992346,693.95475381322,477.15299784116536,-0.0,-0.47,3074,3074,3074,3074,17.8,-9.11,0.05,20
307.0,370.17134250691345,693.0437361217232,477.1578546258676,-0.0,-0.47,3134,3134,3134,3134,17.8,-9.11,0.05,20
307.1,371.9518050214809,692.1327184302264,477.16245238205244,-0.0,-0.47,3074,3074,3074,3074,17.8,-9.11,0.05,20
307.2,373.7322675360483,691.2217007387296,477.166804924574,-0.0,-0.47,3134,3134,3134,3134,17.8,-9.11,0.04,20
307.3,375.51273005061574,690.3106830472328,477.17092533149446,-0.0,-0.47,3074,3074,3074,3074,17.8,-9.11,0.04,20
307.4,377.2931925651832,689.399665355736,477.17482598337915,-0.0,-0.47,3134,3134,3134,3134,17.8,-9.11,0.04,20
307.5,379.0736550797506,688.4886476642392,477.17851860049666,-0.0,-0.47,3074,3074,3074,3074,17.8,-9.11,0.04,20
307.6,380.85411759431804,687.5776299727424,477.18201427803456,-0.0,-0.47,3134,3134,3134,3134,17.8,-9.11,0.03,20
307.7,382.6345801088855,686.6666122812456,477.18532351943713,-0.0,-0.47,3074,3074,3074,3074,17.8,-9.11,0.03,20
307.8,384.4150426234529,685.7555945897489,477.1884562679649,-0.0,-0.47,3131,3131,3131,3131,17.8,-9.11,0.03,20
307.9,386.19550513802034,684.8445768982521,477.1914219365712,-0.0,-0.47,3071,3071,3071,3071,17.8,-9.11,0.03,20
308.0,387.97596765258777,683.9335592067553,477.19422943618514,-0.0,-0.47,3131,3131,3131,3131,17.8,-9.11,0.03,20
308.1,389.7564301671552,683.0225415152585,477.1968872024863,-0.0,-0.47,3071,3071,3071,3071,17.8,-9.11,0.03,20
308.2,391.53689268172263,682.1115238237617,477.1994032212515,-0.0,-0.47,3131,3131,3131,3131,17.8,-9.11,0.03,20
308.3,393.31735519629007,681.2005061322649,477.2017850523491,-0.0,-0.47,3071,3071,3071,3071,17.8,-9.11,0.02,20
308.4,395.0978177108575,680.2894884407681,477.2040398524549,-0.0,-0.47,3130,3130,3130,3130,17.8,-9.11,0.02,20
308.5,396.87828022542493,679.3784707492713,477.20617439655507,-0.0,-0.47,3070,3070,3070,3070,17.8,-9.11,0.02,20
308.6,398.65874273999236,678.4674530577745,477.2081950983032,-0.0,-0.47,3130,3130,3130,3130,17.8,-9.11,0.02,20
308.7,400.4392052545598,677.5564353662777,477.2101080292914,-0.0,-0.47,3070,3070,3070,3070,17.8,-9.11,0.02,20
308.8,402.2196677691272,676.6454176747809,477.2119189372936,-0.0,-0.47,3129,3129,3129,3129,17.8,-9.11,0.02,20
308.9,404.00013028369466,675.7343999832841,477.2136332635357,-0.0,-0.47,3069,3069,3069,3069,17.8,-9.11,0.02,20
309.0,405.7805927982621,674.8233822917873,477.2152561590449,-0.0,-0.47,3129,3129,3129,3129,17.8,-9.11,0.02,20
309.1,407.5610553128295,673.9123646002905,477.21679250012687,-0.0,-0.47,3069,3069,3069,3069,17.8,-9.11,0.02,20
309.2,409.34151782739696,673.0013469087937,477.21824690301787,-0.0,-0.47,3127,3127,3127,3127,17.8,-9.11,0.01,20
309.3,411.1219803419644,672.0903292172969,477.21962373775466,-0.0,-0.47,3067,3067,3067,3067,17.8,-9.11,0.01,20
309.4,412.9024428565318,671.1793115258001,477.2209271413055,-0.0,-0.47,3127,3127,3127,3127,17.8,-9.11,0.01,20
309.5,414.68290537109925,670.2682938343033,477.2221610300003,-0.0,-0.47,3067,3067,3067,3067,17.8,-9.11,0.01,20
309.6,416.4633678856667,669.3572761428065,477.223329111298,-0.0,-0.47,3127,3127,3127,3127,17.8,-9.11,0.01,20
309.7,418.2438304002341,668.4462584513097,477.22443489492656,-0.0,-0.47,3067,3067,3067,3067,17.8,-9.11,0.01,20
309.8,420.02429291480155,667.535240759813,477.2254817034282,-0.0,-0.47,3127,3127,3127,3127,17.8,-9.11,0.01,20
309.9,421.804755429369,666.6242230683162,477.22647268214314,-0.0,-0.47,3067,3067,3067,3067,17.8,-9.11,0.01,20
310.0,423.5852179439364,665.7132053768194,477.2274108086599,-0.0,-0.47,3127,3127,3127,3127,17.8,-9.11,0.01,20
310.1,425.36568045850385,664.8021876853226,477.22829890176246,-0.0,-0.47,3067,3067,3067,3067,17.8,-9.11,0.01,20
310.2,427.1461429730713,663.8911699938258,477.2291396298995,-0.0,-0.47,3127,3127,3127,3127,17.8,-9.11,0.01,20
310.3,428.9266054876387,662.980152302329,477.2299355192026,-0.0,-0.47,3067,3067,3067,3067,17.8,-9.11,0.01,20
310.4,430.70706800220614,662.0691346108322,477.2306889610762,-0.0,-0.47,3127,3127,3127,3127,17.8,-9.11,0.01,20
310.5,432.4875305167736,661.1581169193354,477.23140221938326,-0.0,-0.47,3067,3067,3067,3067,17.8,-9.11,0.01,20
310.6,434.267993031341,660.2470992278386,477.2320774372472,-0.0,-0.47,3126,3126,3126,3126,17.8,-9.11,0.01,20
310.7,436.04845554590844,659.3360815363418,477.23271664349176,-0.0,-0.47,3066,3066,3066,3066,17.8,-9.11,0.01,20
310.8,437.82891806047587,658.425063844845,477.2333217587366,-0.0,-0.47,3126,3126,3126,3126,17.8,-9.11,0.01,20
310.9,439.6093805750433,657.5140461533482,477.2338946011684,-0.0,-0.47,3066,3066,3066,3066,17.8,-9.11,0.01,20
311.0,441.38984308961074,656.6030284618514,477.2344368920038,-0.0,-0.47,3126,3126,3126,3126,17.8,-9.11,0.01,20
311.1,443.17030560417817,655.6920107703546,477.2349502606614,-0.0,-0.47,3066,3066,3066,3066,17.8,-9.11,0.01,20
311.2,444.9507681187456,654.7809930788578,477.2354362496572,-0.0,-0.47,3126,3126,3126,3126,17.8,-9.11,0.0,20
311.3,446.73123063331303,653.869975387361,477.2358963192399,-0.0,-0.47,3066,3066,3066,3066,17.8,-9.11,0.0,20
311.4,448.51169314788046,652.9589576958642,477.2363318517782,-0.0,-0.47,3126,3126,3126,3126,17.8,-9.11,0.0,20
311.5,450.2921556624479,652.0479400043674,477.23674415591444,-0.0,-0.47,3066,3066,3066,3066,17.8,-9.11,0.0,20
311.6,452.07261817701533,651.1369223128706,477.23713447049676,-0.0,-0.47,3126,3126,3126,3126,17.8,-9.11,0.0,20
311.7,453.85308069158276,650.2259046213738,477.2375039683013,-0.0,-0.47,3066,3066,3066,3066,17.8,-9.11,0.0,20
311.8,455.6335432061502,649.314886929877,477.23785375955634,-0.0,-0.47,3125,3125,3125,3125,17.8,-9.11,0.0,20
311.9,457.4140057207176,648.4038692383803,477.23818489527775,-0.0,-0.47,3065,3065,3065,3065,17.8,-9.11,0.0,20
312.0,459.19446823528506,647.4928515468835,477.23849837042735,-0.0,-0.47,3125,3125,3125,3125,17.8,-9.11,0.0,20
312.1,460.9749307498525,646.5818338553867,477.2387951269023,-0.0,-0.47,3065,3065,3065,3065,17.8,-9.11,0.0,20
312.2,462.7553932644199,645.6708161638899,477.23907605636526,-0.0,-0.47,3125,3125,3125,3125,17.8,-9.11,0.0,20
312.3,464.53585577898735,644.7597984723931,477.23934200292354,-0.0,-0.47,3065,3065,3065,3065,17.8,-9.11,0.0,20
312.4,466.3163182935548,643.8487807808963,477.23959376566535,-0.0,-0.47,3125,3125,3125,3125,17.8,-9.11,0.0,20
312.5,468.0967808081222,642.9377630893995,477.2398321010609,-0.0,-0.47,3065,3065,3065,3065,17.8,-9.11,0.0,20
312.6,469.87724332268965,642.0267453979027,477.24005772523543,-0.0,-0.47,3125,3125,3125,3125,17.8,-9.11,0.0,20
312.7,471.6577058372571,641.1157277064059,477.24027131612064,-0.0,-0.47,3065,3065,3065,3065,17.8,-9.11,0.0,20
312.8,473.4381683518245,640.2047100149091,477.24047351549194,-0.0,-0.47,3125,3125,3125,3125,17.8,-9.11,0.0,20
312.9,475.21863086639195,639.2936923234123,477.2406649308968,-0.0,-0.47,3065,3065,3065,3065,17.8,-9.11,0.0,20
313.0,476.9990933809594,638.3826746319155,477.24084613748005,-0.0,-0.47,3125,3125,3125,3125,17.8,-9.11,0.0,20
313.1,478.7795558955268,637.4716569404187,477.2410176797122,-0.0,-0.47,3065,3065,3065,3065,17.8,-9.11,0.0,20
313.2,480.56001841009424,636.5606392489219,477.24118007302525,-0.0,-0.47,3125,3125,3125,3125,17.8,-9.11,0.0,20
313.3,482.3404809246617,635.6496215574251,477.24133380536165,-0.0,-0.47,3065,3065,3065,3065,17.8,-9.11,0.0,20
313.4,484.1209434392291,634.7386038659283,477.2414793386401,-0.0,-0.47,3125,3125,3125,3125,17.8,-9.11,0.0,20
313.5,485.90140595379654,633.8275861744315,477.2416171101437,-0.0,-0.47,3065,3065,3065,3065,17.8,-9.11,0.0,20
313.6,487.681868468364,632.9165684829347,477.24174753383375,-0.0,-0.47,3125,3125,3125,3125,17.8,-9.11,0.0,20
313.7,489.4623309829314,632.0055507914379,477.24187100159367,-0.0,-0.47,3065,3065,3065,3065,17.8,-9.11,0.0,20
313.8,491.24279349749884,631.0945330999411,477.2419878844064,-0.0,-0.47,3125,3125,3125,3125,17.8,-9.11,0.0,20
313.9,493.02325601206627,630.1835154084444,477.2420985334691,-0.0,-0.47,3065,3065,3065,3065,17.8,-9.11,0.0,20
314.0,494.8037185266337,629.2724977169476,477.2422032812485,-0.0,-0.47,3125,3125,3125,3125,17.8,-9.11,0.0,20
314.1,496.58418104120113,628.3614800254508,477.2423024424797,-0.0,-0.47,3065,3065,3065,3065,17.8,-9.11,0.0,20
314.2,498.36464355576857,627.450462333954,477.2423963151118,-0.0,-0.47,3125,3125,3125,3125,17.8,-9.11,0.0,20
314.3,500.145106070336,626.5394446424572,477.2424851812036,-0.0,-0.47,3065,3065,3065,3065,17.8,-9.11,0.0,20
314.4,501.92556858490343,625.6284269509604,477.2425693077705,-0.0,-0.47,3125,3125,3125,3125,17.8,-9.11,0.0,20
314.5,503.70603109947086,624.7174092594636,477.24264894758716,-0.0,-0.47,3065,3065,3065,3065,17.8,-9.11,0.0,20
314.6,505.4864936140383,623.8063915679668,477.2427243399469,-0.0,-0.47,3125,3125,3125,3125,17.8,-9.11,0.0,20
314.7,507.2669561286057,622.89537387647,477.24279571138084,-0.0,-0.47,3065,3065,3065,3065,17.8,-9.11,0.0,20
314.8,509.04741864317316,621.9843561849732,477.24286327633826,-0.0,-0.47,3125,3125,3125,3125,17.8,-9.11,0.0,20
314.9,510.8278811577406,621.0733384934764,477.2429272378313,-0.0,-0.47,3065,3065,3065,3065,17.8,-9.11,0.0,20
315.0,512.608343672308,620.1623208019796,477.2429877880447,-0.0,-0.47,3125,3125,3125,3125,17.8,-9.11,0.0,20
315.1,514.3888061868755,619.2513031104828,477.24304510891335,-0.0,-0.47,3065,3065,3065,3065,17.8,-9.11,0.0,20
315.2,516.169268701443,618.340285418986,477.24309937266906,-0.0,-0.47,3125,3125,3125,3125,17.8,-9.11,0.0,20
315.3,517.9497312160105,617.4292677274892,477.2431507423578,-0.0,-0.47,3065,3065,3065,3065,17.8,-9.11,0.0,20
315.4,519.730193730578,616.5182500359924,477.2431993723298,-0.0,-0.47,3125,3125,3125,3125,17.8,-9.11,0.0,20
315.5,521.5106562451455,615.6072323444956,477.2432454087033,-0.0,-0.47,3065,3065,3065,3065,17.8,-9.11,0.0,20
315.6,523.291118759713,614.6962146529988,477.2432889898035,-0.0,-0.47,3125,3125,3125,3125,17.8,-9.11,0.0,20
315.7,525.0715812742804,613.785196961502,477.24333024657835,-0.0,-0.47,3065,3065,3065,3065,17.8,-9.11,0.0,20
315.8,526.8520437888479,612.8741792700052,477.24336930299194,-0.0,-0.47,3125,3125,3125,3125,17.8,-9.11,0.0,20
315.9,528.6325063034154,611.9631615785084,477.2434062763968,-0.0,-0.47,3065,3065,3065,3065,17.8,-9.11,0.0,20
316.0,530.4129688179829,611.0521438870117,477.2434412778867,-0.0,-0.47,3125,3125,3125,3125,17.8,-9.11,0.0,20
316.1,532.1934313325504,610.1411261955149,477.24347441263046,-0.0,-0.47,3065,3065,3065,3065,17.8,-9.11,0.0,20
316.2,533.9738938471179,609.2301085040181,477.2435057801879,-0.0,-0.47,3125,3125,3125,3125,17.8,-9.11,0.0,20
316.3,535.7543563616854,608.3190908125213,477.24353547480894,-0.0,-0.47,3065,3065,3065,3065,17.8,-9.11,0.0,20
316.4,537.5348188762529,607.4080731210245,477.24356358571686,-0.0,-0.47,3125,3125,3125,3125,17.8,-9.11,0.0,20
316.5,539.3152813908204,606.4970554295277,477.24359019737636,-0.0,-0.47,3065,3065,3065,3065,17.8,-9.11,0.0,20
316.6,541.0957439053878,605.5860377380309,477.2436153897474,-0.0,-0.47,3125,3125,3125,3125,17.8,-9.11,0.0,20
316.7,542.8762064199553,604.6750200465341,477.24363923852525,-0.0,-0.47,3065,3065,3065,3065,17.8,-9.11,0.0,20
316.8,544.6566689345228,603.7640023550373,477.2436618153683,-0.0,-0.47,3125,3125,3125,3125,17.8,-9.11,0.0,20
316.9,546.4371314490903,602.8529846635405,477.24368318811304,-0.0,-0.47,3065,3065,3065,3065,17.8,-9.11,0.0,20
317.0,548.2175939636578,601.9419669720437,477.2437034209781,-0.0,-0.47,3125,3125,3125,3125,17.8,-9.11,0.0,20
317.1,549.9980564782253,601.0309492805469,477.243722574757,-0.0,-0.47,3065,3065,3065,3065,17.8,-9.11,0.0,20
317.2,551.7785189927928,600.1199315890501,477.243740707001,-0.0,-0.47,3125,3125,3125,3125,17.8,-9.11,0.0,20
317.3,553.5589815073603,599.2089138975533,477.243757872192,-0.0,-0.47,3065,3065,3065,3065,17.8,-9.11,0.0,20
317.4,555.3394440219278,598.2978962060565,477.2437741219062,-0.0,-0.47,3125,3125,3125,3125,17.8,-9.11,0.0,20
317.5,557.1199065364953,597.3868785145597,477.24378950496896,-0.0,-0.47,3065,3065,3065,3065,17.8,-9.11,0.0,20
317.6,558.9003690510627,596.4758608230629,477.2438040676017,-0.0,-0.47,3125,3125,3125,3125,17.8,-9.11,0.0,20
317.7,560.6808315656302,595.5648431315661,477.24381785356064,-0.0,-0.47,3065,3065,3065,3065,17.8,-9.11,0.0,20
317.8,562.4612940801977,594.6538254400693,477.24383090426846,-0.0,-0.47,3125,3125,3125,3125,17.8,-9.11,0.0,20
317.9,564.2417565947652,593.7428077485725,477.24384325893857,-0.0,-0.47,3065,3065,3065,3065,17.8,-9.11,0.0,20
318.0,566.0222191093327,592.8317900570758,477.2438549546929,-0.0,-0.47,3125,3125,3125,3125,17.8,-9.11,0.0,20
318.1,567.8026816239001,591.920772365579,477.2438660266737,-0.0,-0.47,3065,3065,3065,3065,17.8,-9.11,0.0,20
318.2,569.5831441384676,591.0097546740822,477.24387650814884,-0.0,-0.47,3125,3125,3125,3125,17.8,-9.11,0.0,20
318.3,571.363606653035,590.0987369825854,477.24388643061195,-0.0,-0.47,3065,3065,3065,3065,17.8,-9.11,0.0,20
318.4,573.1440691676024,589.1877192910886,477.24389582387704,-0.0,-0.47,3125,3125,3125,3125,17.8,-9.11,0.0,20
318.5,574.9245316821698,588.2767015995918,477.243904716168,-0.0,-0.47,3065,3065,3065,3065,17.8,-9.11,0.0,20
318.6,576.7049941967372,587.365683908095,477.24391313420347,-0.0,-0.47,3125,3125,3125,3125,17.8,-9.11,0.0,20
318.7,578.4854567113046,586.4546662165982,477.24392110327705,-0.0,-0.47,3065,3065,3065,3065,17.8,-9.11,0.0,20
318.8,580.2659192258719,585.5436485251014,477.24392864733335,-0.0,-0.47,3125,3125,3125,3125,17.8,-9.11,0.0,20
318.9,582.0463817404393,584.6326308336046,477.24393578904,-0.0,-0.47,3065,3065,3065,3065,17.8,-9.11,0.0,20
319.0,583.8268442550067,583.7216131421078,477.2439425498556,-0.0,-0.47,3125,3125,3125,3125,17.8,-9.11,0.0,20
319.1,585.607306769574,582.810595450611,477.24394895009436,-0.0,-0.47,3065,3065,3065,3065,17.8,-9.11,0.0,20
319.2,587.3877692841414,581.8995777591142,477.2439550089871,-0.0,-0.47,3125,3125,3125,3125,17.8,-9.11,0.0,20
319.3,589.1682317987088,580.9885600676174,477.24396074473884,-0.0,-0.47,3065,3065,3065,3065,17.8,-9.11,0.0,20
319.4,590.9486943132762,580.0775423761206,477.2439661745838,-0.0,-0.47,3125,3125,3125,3125,17.8,-9.11,0.0,20
319.5,592.7291568278436,579.1665246846238,477.2439713148371,-0.0,-0.47,3065,3065,3065,3065,17.8,-9.11,0.0,20
319.6,594.5096193424109,578.255506993127,477.24397618094355,-0.0,-0.47,3125,3125,3125,3125,17.8,-9.11,0.0,20
319.7,596.2900818569783,577.3444893016302,477.2439807875243,-0.0,-0.47,3065,3065,3065,3065,17.8,-9.11,0.0,20
319.8,598.0705443715457,576.4334716101334,477.2439851484208,-0.0,-0.47,3125,3125,3125,3125,17.8,-9.11,0.0,20
319.9,599.851006886113,575.5224539186366,477.2439892767361,-0.0,-0.47,3065,3065,3065,3065,17.8,-9.11,0.0,20
320.0,601.6314694006804,574.6114362271398,477.24399318487457,-0.0,-0.47,3125,3125,3125,3125,17.8,-9.11,0.0,20
320.1,603.4119319152478,573.700418535643,477.243996884579,-0.0,-0.47,3065,3065,3065,3065,17.8,-9.11,0.0,20
320.2,605.1923944298152,572.7894008441463,477.24400038696587,-0.0,-0.47,3125,3125,3125,3125,17.8,-9.11,0.0,20
320.3,606.9728569443826,571.8783831526495,477.24400370255876,-0.0,-0.47,3065,3065,3065,3065,17.8,-9.11,0.0,20
320.4,608.7533194589499,570.9673654611527,477.24400684132,-0.0,-0.47,3125,3125,3125,3125,17.8,-9.11,0.0,20
320.5,610.5337819735173,570.0563477696559,477.2440098126807,-0.0,-0.47,3065,3065,3065,3065,17.8,-9.11,0.0,20
320.6,612.3142444880847,569.1453300781591,477.2440126255688,-0.0,-0.47,3125,3125,3125,3125,17.8,-9.11,0.0,20
320.7,614.0947070026521,568.2343123866623,477.24401528843623,-0.0,-0.47,3065,3065,3065,3065,17.8,-9.11,0.0,20
320.8,615.8751695172194,567.3232946951655,477.24401780928406,-0.0,-0.47,3125,3125,3125,3125,17.8,-9.11,0.0,20
320.9,617.6556320317868,566.4122770036687,477.24402019568663,-0.0,-0.47,3065,3065,3065,3065,17.8,-9.11,0.0,20
321.0,619.4360945463542,565.5012593121719,477.2440224548144,-0.0,-0.47,3125,3125,3125,3125,17.8,-9.11,0.0,20
321.1,621.2165570609216,564.5902416206751,477.2440245934554,-0.0,-0.47,3065,3065,3065,3065,17.8,-9.11,0.0,20
321.2,622.9970195754889,563.6792239291783,477.2440266180355,-0.0,-0.47,3125,3125,3125,3125,17.8,-9.11,0.0,20
321.3,624.7774820900563,562.7682062376815,477.244028534638,-0.0,-0.47,3065,3065,3065,3065,17.8,-9.11,0.0,20
321.4,626.5579446046237,561.8571885461847,477.2440303490217,-0.0,-0.47,3125,3125,3125,3125,17.8,-9.11,0.0,20
321.5,628.3384071191911,560.9461708546879,477.2440320666383,-0.0,-0.47,3065,3065,3065,3065,17.8,-9.11,0.0,20
321.6,630.1188696337584,560.0351531631911,477.24403369264866,-0.0,-0.47,3125,3125,3125,3125,17.8,-9.11,0.0,20
321.7,631.8993321483258,559.1241354716943,477.2440352319385,-0.0,-0.47,3065,3065,3065,3065,17.8,-9.11,0.0,20
321.8,633.6797946628932,558.2131177801975,477.2440366891328,-0.0,-0.47,3125,3125,3125,3125,17.8,-9.11,0.0,20
321.9,635.4602571774606,557.3021000887007,477.24403806861017,-0.0,-0.47,3065,3065,3065,3065,17.8,-9.11,0.0,20
322.0,637.2407196920279,556.391082397204,477.24403937451535,-0.0,-0.47,3125,3125,3125,3125,17.8,-9.11,0.0,20
322.1,639.0211822065953,555.4800647057072,477.2440406107723,-0.0,-0.47,3065,3065,3065,3065,17.8,-9.11,0.0,20
322.2,640.8016447211627,554.5690470142104,477.2440417810955,-0.0,-0.47,3125,3125,3125,3125,17.8,-9.11,0.0,20
322.3,642.5821072357301,553.6580293227136,477.2440428890015,-0.0,-0.47,3065,3065,3065,3065,17.8,-9.11,0.0,20
322.4,644.3625697502974,552.7470116312168,477.24404393781913,-0.0,-0.47,3125,3125,3125,3125,17.8,-9.11,0.0,20
322.5,646.1430322648648,551.83599393972,477.24404493069983,-0.0,-0.47,3065,3065,3065,3065,17.8,-9.11,0.0,20
322.6,647.9234947794322,550.9249762482232,477.2440458706269,-0.0,-0.47,3125,3125,3125,3125,17.8,-9.11,0.0,20
322.7,649.7039572939996,550.0139585567264,477.24404676042457,-0.0,-0.47,3065,3065,3065,3065,17.8,-9.11,0.0,20
322.8,651.4844198085669,549.1029408652296,477.24404760276633,-0.0,-0.47,3125,3125,3125,3125,17.8,-9.11,0.0,20
322.9,653.2648823231343,548.1919231737328,477.2440484001832,-0.0,-0.47,3065,3065,3065,3065,17.8,-9.11,0.0,20
323.0,655.0453448377017,547.280905482236,477.2440491550712,-0.0,-0.47,3125,3125,3125,3125,17.8,-9.11,0.0,20
323.1,656.8258073522691,546.3698877907392,477.2440498696985,-0.0,-0.47,3065,3065,3065,3065,17.8,-9.11,0.0,20
323.2,658.6062698668364,545.4588700992424,477.2440505462123,-0.0,-0.47,3125,3125,3125,3125,17.8,-9.11,0.0,20
323.3,660.3867323814038,544.5478524077456,477.2440511866454,-0.0,-0.47,3065,3065,3065,3065,17.8,-9.11,0.0,20
323.4,662.1671948959712,543.6368347162488,477.24405179292205,-0.0,-0.47,3125,3125,3125,3125,17.8,-9.11,0.0,20
323.5,663.9476574105386,542.725817024752,477.24405236686397,-0.0,-0.47,3065,3065,3065,3065,17.8,-9.11,0.0,20
323.6,665.728119925106,541.8147993332552,477.24405291019565,-0.0,-0.47,3125,3125,3125,3125,17.8,-9.11,0.0,20
323.7,667.5085824396733,540.9037816417584,477.24405342454963,-0.0,-0.47,3065,3065,3065,3065,17.8,-9.11,0.0,20
323.8,669.2890449542407,539.9927639502616,477.2440539114714,-0.0,-0.47,3125,3125,3125,3125,17.8,-9.11,0.0,20
323.9,671.0695074688081,539.0817462587648,477.244054372424,-0.0,-0.47,3065,3065,3065,3065,17.8,-9.11,0.0,20
324.0,672.8499699833754,538.170728567268,477.24405480879244,-0.0,-0.47,3125,3125,3125,3125,17.8,-9.11,0.0,20
324.1,674.6304324979428,537.2597108757712,477.2440552218879,-0.0,-0.47,3065,3065,3065,3065,17.8,-9.11,0.0,20
324.2,676.4108950125102,536.3486931842745,477.2440556129516,-0.0,-0.47,3125,3125,3125,3125,17.8,-9.11,0.0,20
324.3,678.1913575270776,535.4376754927777,477.2440559831586,-0.0,-0.47,3065,3065,3065,3065,17.8,-9.11,0.0,20
324.4,679.971820041645,534.5266578012809,477.24405633362124,-0.0,-0.47,3125,3125,3125,3125,17.8,-9.11,0.0,20
324.5,681.7522825562123,533.6156401097841,477.2440566653925,-0.0,-0.47,3065,3065,3065,3065,17.8,-9.11,0.0,20
324.6,683.5327450707797,532.7046224182873,477.24405697946935,-0.0,-0.47,3125,3125,3125,3125,17.8,-9.11,0.0,20
324.7,685.3132075853471,531.7936047267905,477.2440572767954,-0.0,-0.47,3065,3065,3065,3065,17.8,-9.11,0.0,20
324.8,687.0936700999144,530.8825870352937,477.24405755826405,-0.0,-0.47,3125,3125,3125,3125,17.8,-9.11,0.0,20
324.9,688.8741326144818,529.9715693437969,477.24405782472104,-0.0,-0.47,3065,3065,3065,3065,17.8,-9.11,0.0,20
325.0,690.6545951290492,529.0605516523001,477.244058076967,-0.0,-0.47,3125,3125,3125,3125,17.8,-9.11,0.0,20
325.1,692.4350576436166,528.1495339608033,477.24405831575984,-0.0,-0.47,3065,3065,3065,3065,17.8,-9.11,0.0,20
325.2,694.215520158184,527.2385162693065,477.2440585418171,-0.0,-0.47,3125,3125,3125,3125,17.8,-9.11,0.0,20
325.3,695.9959826727513,526.3274985778097,477.2440587558179,-0.0,-0.47,3065,3065,3065,3065,17.8,-9.11,0.0,20
325.4,697.7764451873187,525.4164808863129,477.24405895840533,-0.0,-0.47,3125,3125,3125,3125,17.8,-9.11,0.0,20
325.5,699.5569077018861,524.5054631948161,477.24405915018815,-0.0,-0.47,3065,3065,3065,3065,17.8,-9.11,0.0,20
325.6,701.3373702164535,523.5944455033193,477.2440593317425,-0.0,-0.47,3125,3125,3125,3125,17.8,-9.11,0.0,20
325.7,703.1178327310208,522.6834278118225,477.244059503614,-0.0,-0.47,3065,3065,3065,3065,17.8,-9.11,0.0,20
325.8,704.8982952455882,521.7724101203257,477.244059666319,-0.0,-0.47,3125,3125,3125,3125,17.8,-9.11,0.0,20
325.9,706.6787577601556,520.8613924288289,477.2440598203464,-0.0,-0.47,3065,3065,3065,3065,17.8,-9.11,0.0,20
326.0,708.459220274723,519.9503747373321,477.244059966159,-0.0,-0.47,3125,3125,3125,3125,17.8,-9.11,0.0,20
326.1,710.2396827892903,519.0393570458353,477.24406010419494,-0.0,-0.47,3065,3065,3065,3065,17.8,-9.11,0.0,20
326.2,712.0201453038577,518.1283393543386,477.2440602348689,-0.0,-0.47,3125,3125,3125,3125,17.8,-9.11,0.0,20
326.3,713.8006078184251,517.2173216628418,477.2440603585737,-0.0,-0.47,3065,3065,3065,3065,17.8,-9.11,0.0,20
326.4,715.5810703329925,516.306303971345,477.24406047568084,-0.0,-0.47,3125,3125,3125,3125,17.8,-9.11,0.0,20
326.5,717.3615328475598,515.3952862798482,477.2440605865423,-0.0,-0.47,3065,3065,3065,3065,17.8,-9.11,0.0,20
326.6,719.1419953621272,514.4842685883514,477.2440606914911,-0.0,-0.47,3125,3125,3125,3125,17.8,-9.11,0.0,20
326.7,720.9224578766946,513.5732508968546,477.24406079084264,-0.0,-0.47,3065,3065,3065,3065,17.8,-9.11,0.0,20
326.8,722.702920391262,512.6622332053578,477.2440608848954,-0.0,-0.47,3125,3125,3125,3125,17.8,-9.11,0.0,20
326.9,724.4833829058293,511.7512155138609,477.24406097393205,-0.0,-0.47,3065,3065,3065,3065,17.8,-9.11,0.0,20
327.0,726.2638454203967,510.8401978223641,477.2440610582201,-0.0,-0.47,3125,3125,3125,3125,17.8,-9.11,0.0,20
327.1,728.0443079349641,509.9291801308672,477.24406113801274,-0.0,-0.47,3065,3065,3065,3065,17.8,-9.11,0.0,20
327.2,729.8247704495315,509.01816243937037,477.2440612135498,-0.0,-0.47,3125,3125,3125,3125,17.8,-9.11,0.0,20
327.3,731.6052329640988,508.1071447478735,477.2440612850582,-0.0,-0.47,3065,3065,3065,3065,17.8,-9.11,0.0,20
327.4,733.3856954786662,507.19612705637667,477.24406135275285,-0.0,-0.47,3125,3125,3125,3125,17.8,-9.11,0.0,20
327.5,735.1661579932336,506.2851093648798,477.2440614168371,-0.0,-0.47,3065,3065,3065,3065,17.8,-9.11,0.0,20
327.6,736.946620507801,505.37409167338296,477.2440614775035,-0.0,-0.47,3125,3125,3125,3125,17.8,-9.11,0.0,20
327.7,738.7270830223683,504.4630739818861,477.2440615349344,-0.0,-0.47,3065,3065,3065,3065,17.8,-9.11,0.0,20
327.8,740.5075455369357,503.55205629038926,477.2440615893023,-0.0,-0.47,3125,3125,3125,3125,17.8,-9.11,0.0,20
327.9,742.2880080515031,502.6410385988924,477.2440616407706,-0.0,-0.47,3065,3065,3065,3065,17.8,-9.11,0.0,20
328.0,744.0684705660705,501.73002090739556,477.2440616894939,-0.0,-0.47,3125,3125,3125,3125,17.8,-9.11,0.0,20
328.1,745.8489330806378,500.8190032158987,477.24406173561863,-0.0,-0.47,3065,3065,3065,3065,17.8,-9.11,0.0,20
328.2,747.6293955952052,499.90798552440185,477.24406177928336,-0.0,-0.47,3125,3125,3125,3125,17.8,-9.11,0.0,20
328.3,749.4098581097726,498.996967832905,477.2440618206193,-0.0,-0.47,3065,3065,3065,3065,17.8,-9.11,0.0,20
328.4,751.1903206243401,498.08595014140815,477.2440618597507,-0.0,-0.47,3125,3125,3125,3125,17.8,-9.11,0.0,20
328.5,752.9707831389074,497.1749324499113,477.244061896795,-0.0,-0.47,3065,3065,3065,3065,17.8,-9.11,0.0,20
328.6,754.7512456534749,496.26391475841444,477.2440619318637,-0.0,-0.47,3125,3125,3125,3125,17.8,-9.11,0.0,20
328.7,756.5317081680423,495.3528970669176,477.24406196506203,-0.0,-0.47,3065,3065,3065,3065,17.8,-9.11,0.0,20
328.8,758.3121706826098,494.44187937542074,477.2440619964898,-0.0,-0.47,3125,3125,3125,3125,17.8,-9.11,0.0,20
328.9,760.0926331971773,493.5308616839239,477.2440620262414,-0.0,-0.47,3065,3065,3065,3065,17.8,-9.11,0.0,20
329.0,761.8730957117448,492.61984399242704,477.2440620544063,-0.0,-0.47,3125,3125,3125,3125,17.8,-9.11,0.0,20
329.1,763.6535582263123,491.7088263009302,477.24406208106905,-0.0,-0.47,3065,3065,3065,3065,17.8,-9.11,0.0,20
329.2,765.4340207408798,490.79780860943333,477.2440621063098,-0.0,-0.47,3125,3125,3125,3125,17.8,-9.11,0.0,20
329.3,767.2144832554472,489.8867909179365,477.2440621302043,-0.0,-0.47,3065,3065,3065,3065,17.8,-9.11,0.0,20
329.4,768.9949457700147,488.9757732264396,477.2440621528245,-0.0,-0.47,3125,3125,3125,3125,17.8,-9.11,0.0,20
329.5,770.7754082845822,488.0647555349428,477.24406217423825,-0.0,-0.47,3065,3065,3065,3065,17.8,-9.11,0.0,20
329.6,772.5558707991497,487.1537378434459,477.24406219451,-0.0,-0.47,3125,3125,3125,3125,17.8,-9.11,0.0,20
329.7,774.3363333137172,486.2427201519491,477.24406221370054,-0.0,-0.47,3065,3065,3065,3065,17.8,-9.11,0.0,20
329.8,776.1167958282846,485.3317024604522,477.2440622318676,-0.0,-0.47,3125,3125,3125,3125,17.8,-9.11,0.0,20
329.9,777.897258342852,484.42068476895537,477.24406224906573,-0.0,-0.47,3065,3065,3065,3065,17.8,-9.11,0.0,20
330.0,779.6777208574194,483.5096670774585,477.24406226534666,-0.0,-0.47,3125,3125,3125,3125,17.8,-9.11,0.0,20
330.1,781.4581833719869,482.59864938596166,477.24406228075924,-0.0,-0.47,3065,3065,3065,3065,17.8,-9.11,0.0,20
330.2,783.2386458865544,481.6876316944648,477.2440622953498,-0.0,-0.47,3125,3125,3125,3125,17.8,-9.11,0.0,20
330.3,785.0191084011219,480.77661400296796,477.24406230916225,-0.0,-0.47,3065,3065,3065,3065,17.8,-9.11,0.0,20
330.4,786.7995709156894,479.8655963114711,477.244062322238,-0.0,-0.47,3125,3125,3125,3125,17.8,-9.11,0.0,20
330.5,788.5800334302569,478.95457861997426,477.2440623346164,-0.0,-0.47,3065,3065,3065,3065,17.8,-9.11,0.0,20
330.6,790.3604959448244,478.0435609284774,477.2440623463346,-0.0,-0.47,3125,3125,3125,3125,17.8,-9.11,0.0,20
330.7,792.1409584593919,477.13254323698055,477.2440623574278,-0.0,-0.47,3065,3065,3065,3065,17.8,-9.11,0.0,20
330.8,793.9214209739594,476.2215255454837,477.2440623679294,-0.0,-0.47,3125,3125,3125,3125,17.8,-9.11,0.0,20
330.9,795.7018834885268,475.31050785398685,477.24406237787093,-0.0,-0.47,3065,3065,3065,3065,17.8,-9.11,0.0,20
331.0,797.4823460030943,474.39949016249,477.2440623872822,-0.0,-0.47,3125,3125,3125,3125,17.8,-9.11,0.0,20
331.1,799.2628085176618,473.48847247099314,477.24406239619157,-0.0,-0.47,3065,3065,3065,3065,17.8,-9.11,0.0,20
331.2,801.0432710322293,472.5774547794963,477.24406240462577,-0.0,-0.47,3125,3125,3125,3125,17.8,-9.11,0.0,20
331.3,802.8237335467967,471.66643708799944,477.2440624126101,-0.0,-0.47,3065,3065,3065,3065,17.8,-9.11,0.0,20
331.4,804.6041960613641,470.7554193965026,477.24406242016863,-0.0,-0.47,3125,3125,3125,3125,17.8,-9.11,0.0,20
331.5,806.3846585759316,469.84440170500574,477.244062427324,-0.0,-0.47,3065,3065,3065,3065,17.8,-9.11,0.0,20
331.6,808.165121090499,468.9333840135089,477.2440624340978,-0.0,-0.47,3125,3125,3125,3125,17.8,-9.11,0.0,20
331.7,809.9455836050665,468.02236632201203,477.24406244051033,-0.0,-0.47,3065,3065,3065,3065,17.8,-9.11,0.0,20
331.8,811.726046119634,467.1113486305152,477.24406244658087,-0.0,-0.47,3125,3125,3125,3125,17.8,-9.11,0.0,20
331.9,813.5065086342015,466.20033093901833,477.2440624523276,-0.0,-0.47,3065,3065,3065,3065,17.8,-9.11,0.0,20
332.0,815.286971148769,465.2893132475215,477.2440624577679,-0.0,-0.47,3125,3125,3125,3125,17.8,-9.11,0.0,20
332.1,817.0674336633365,464.3782955560246,477.244062462918,-0.0,-0.47,3065,3065,3065,3065,17.8,-9.11,0.0,20
332.2,818.847896177904,463.4672778645278,477.24406246779347,-0.0,-0.47,3125,3125,3125,3125,17.8,-9.11,0.0,20
332.3,820.6283586924715,462.5562601730309,477.24406247240887,-0.0,-0.47,3065,3065,3065,3065,17.8,-9.11,0.0,20
332.4,822.408821207039,461.64524248153407,477.24406247677814,-0.0,-0.47,3125,3125,3125,3125,17.8,-9.11,0.0,20
332.5,824.1892837216063,460.7342247900372,477.24406248091435,-0.0,-0.47,3065,3065,3065,3065,17.8,-9.11,0.0,20
332.6,825.9697462361738,459.82320709854037,477.24406248483,-0.0,-0.47,3125,3125,3125,3125,17.8,-9.11,0.0,20
332.7,827.7502087507413,458.9121894070435,477.2440624885368,-0.0,-0.47,3065,3065,3065,3065,17.8,-9.11,0.0,20
332.8,829.5306712653087,458.00117171554666,477.24406249204594,-0.0,-0.47,3125,3125,3125,3125,17.8,-9.11,0.0,20
332.9,831.3111337798762,457.0901540240498,477.24406249536787,-0.0,-0.47,3065,3065,3065,3065,17.8,-9.11,0.0,20
333.0,833.0915962944437,456.17913633255296,477.2440624985127,-0.0,-0.47,3125,3125,3125,3125,17.8,-9.11,0.0,20
333.1,834.8720588090112,455.2681186410561,477.24406250148974,-0.0,-0.47,3065,3065,3065,3065,17.8,-9.11,0.0,20
333.2,836.6525213235786,454.35710094955925,477.24406250430803,-0.0,-0.47,3125,3125,3125,3125,17.8,-9.11,0.0,20
333.3,838.4329838381461,453.4460832580624,477.24406250697604,-0.0,-0.47,3065,3065,3065,3065,17.8,-9.11,0.0,20
333.4,840.2134463527136,452.53506556656555,477.2440625095017,-0.0,-0.47,3125,3125,3125,3125,17.8,-9.11,0.0,20
333.5,841.9939088672811,451.6240478750687,477.2440625118927,-0.0,-0.47,3065,3065,3065,3065,17.8,-9.11,0.0,20
333.6,843.7743713818485,450.71303018357185,477.24406251415616,-0.0,-0.47,3125,3125,3125,3125,17.8,-9.11,0.0,20
333.7,845.554833896416,449.802012492075,477.2440625162989,-0.0,-0.47,3065,3065,3065,3065,17.8,-9.11,0.0,20
333.8,847.3352964109835,448.89099480057814,477.2440625183274,-0.0,-0.47,3125,3125,3125,3125,17.8,-9.11,0.0,20
333.9,849.115758925551,447.9799771090813,477.24406252024767,-0.0,-0.47,3065,3065,3065,3065,17.8,-9.11,0.0,20
334.0,850.8962214401183,447.06895941758444,477.2440625220655,-0.0,-0.47,3125,3125,3125,3125,17.8,-9.11,0.0,20
334.1,852.6766839546858,446.1579417260876,477.24406252378645,-0.0,-0.47,3065,3065,3065,3065,17.8,-9.11,0.0,20
334.2,854.4571464692533,445.24692403459073,477.2440625254156,-0.0,-0.47,3125,3125,3125,3125,17.8,-9.11,0.0,20
334.3,856.2376089838208,444.3359063430939,477.2440625269578,-0.0,-0.47,3065,3065,3065,3065,17.8,-9.11,0.0,20
334.4,858.0180714983883,443.42488865159703,477.24406252841777,-0.0,-0.47,3125,3125,3125,3125,17.8,-9.11,0.0,20
334.5,859.7985340129558,442.5138709601002,477.2440625297999,-0.0,-0.47,3065,3065,3065,3065,17.8,-9.11,0.0,20
334.6,861.5789965275233,441.6028532686033,477.24406253110834,-0.0,-0.47,3125,3125,3125,3125,17.8,-9.11,0.0,20
334.7,863.3594590420907,440.6918355771065,477.24406253234696,-0.0,-0.47,3065,3065,3065,3065,17.8,-9.11,0.0,20
334.8,865.1399215566582,439.7808178856096,477.2440625335195,-0.0,-0.47,3125,3125,3125,3125,17.8,-9.11,0.0,20
334.9,866.9203840712257,438.86980019411277,477.24406253462956,-0.0,-0.47,3065,3065,3065,3065,17.8,-9.11,0.0,20
335.0,868.7008465857931,437.9587825026159,477.24406253568037,-0.0,-0.47,3125,3125,3125,3125,17.8,-9.11,0.0,20
335.1,870.4813091003606,437.04776481111907,477.24406253667513,-0.0,-0.47,3065,3065,3065,3065,17.8,-9.11,0.0,20
335.2,872.2617716149281,436.1367471196222,477.24406253761686,-0.0,-0.47,3125,3125,3125,3125,17.8,-9.11,0.0,20
335.3,874.0422341294956,435.22572942812536,477.2440625385084,-0.0,-0.47,3065,3065,3065,3065,17.8,-9.11,0.0,20
335.4,875.822696644063,434.3147117366285,477.24406253935234,-0.0,-0.47,3125,3125,3125,3125,17.8,-9.11,0.0,20
335.5,877.6031591586304,433.40369404513166,477.2440625401513,-0.0,-0.47,3065,3065,3065,3065,17.8,-9.11,0.0,20
335.6,879.3836216731979,432.4926763536348,477.24406254090763,-0.0,-0.47,3125,3125,3125,3125,17.8,-9.11,0.0,20
335.7,881.1640841877654,431.58165866213795,477.24406254162363,-0.0,-0.47,3065,3065,3065,3065,17.8,-9.11,0.0,20
335.8,882.9445467023329,430.6706409706411,477.24406254230144,-0.0,-0.47,3125,3125,3125,3125,17.8,-9.11,0.0,20
335.9,884.7250092169004,429.75962327914425,477.2440625429431,-0.0,-0.47,3065,3065,3065,3065,17.8,-9.11,0.0,20
336.0,886.5054717314679,428.8486055876474,477.2440625435505,-0.0,-0.47,3125,3125,3125,3125,17.8,-9.11,0.0,20
336.1,888.2859342460354,427.93758789615055,477.24406254412554,-0.0,-0.47,3065,3065,3065,3065,17.8,-9.11,0.0,20
336.2,890.0663967606027,427.0265702046537,477.24406254466993,-0.0,-0.47,3125,3125,3125,3125,17.8,-9.11,0.0,20
336.3,891.8468592751702,426.11555251315684,477.2440625451853,-0.0,-0.47,3065,3065,3065,3065,17.8,-9.11,0.0,20
336.4,893.6273217897377,425.20453482166,477.24406254567316,-0.0,-0.47,3125,3125,3125,3125,17.8,-9.11,0.0,20
336.5,895.4077843043052,424.29351713016314,477.244062546135,-0.0,-0.47,3065,3065,3065,3065,17.8,-9.11,0.0,20
336.6,897.1882468188727,423.3824994386663,477.2440625465722,-0.0,-0.47,3125,3125,3125,3125,17.8,-9.11,0.0,20
336.7,898.9687093334402,422.47148174716943,477.2440625469861,-0.0,-0.47,3065,3065,3065,3065,17.8,-9.11,0.0,20
336.8,900.7491718480077,421.5604640556726,477.2440625473779,-0.0,-0.47,3125,3125,3125,3125,17.8,-9.11,0.0,20
336.9,902.529634362575,420.64944636417573,477.2440625477488,-0.0,-0.47,3065,3065,3065,3065,17.8,-9.11,0.0,20
337.0,904.3100968771425,419.7384286726789,477.2440625480999,-0.0,-0.47,3125,3125,3125,3125,17.8,-9.11,0.0,20
337.1,906.09055939171,418.827410981182,477.24406254843234,-0.0,-0.47,3065,3065,3065,3065,17.8,-9.11,0.0,20
337.2,907.8710219062775,417.9163932896852,477.244062548747,-0.0,-0.47,3125,3125,3125,3125,17.8,-9.11,0.0,20
337.3,909.651484420845,417.0053755981883,477.24406254904494,-0.0,-0.47,3065,3065,3065,3065,17.8,-9.11,0.0,20
337.4,911.4319469354125,416.09435790669147,477.24406254932694,-0.0,-0.47,3125,3125,3125,3125,17.8,-9.11,0.0,20
337.5,913.21240944998,415.1833402151946,477.24406254959393,-0.0,-0.47,3065,3065,3065,3065,17.8,-9.11,0.0,20
337.6,914.9928719645475,414.27232252369777,477.24406254984666,-0.0,-0.47,3125,3125,3125,3125,17.8,-9.11,0.0,20
337.7,916.773334479115,413.3613048322009,477.2440625500859,-0.0,-0.47,3065,3065,3065,3065,17.8,-9.11,0.0,20
337.8,918.5537969936823,412.45028714070406,477.2440625503124,-0.0,-0.47,3125,3125,3125,3125,17.8,-9.11,0.0,20
337.9,920.3342595082498,411.5392694492072,477.2440625505268,-0.0,-0.47,3065,3065,3065,3065,17.8,-9.11,0.0,20
338.0,922.1147220228173,410.62825175771036,477.2440625507298,-0.0,-0.47,3125,3125,3125,3125,17.8,-9.11,0.0,20
338.1,923.8951845373848,409.7172340662135,477.2440625509219,-0.0,-0.47,3065,3065,3065,3065,17.8,-9.11,0.0,20
338.2,925.6756470519522,408.80621637471666,477.2440625511038,-0.0,-0.47,3125,3125,3125,3125,17.8,-9.11,0.0,20
338.3,927.4561095665197,407.8951986832198,477.244062551276,-0.0,-0.47,3065,3065,3065,3065,17.8,-9.11,0.0,20
338.4,929.2365720810872,406.98418099172295,477.244062551439,-0.0,-0.47,3125,3125,3125,3125,17.8,-9.11,0.0,20
338.5,931.0170345956546,406.0731633002261,477.24406255159334,-0.0,-0.47,3065,3065,3065,3065,17.8,-9.11,0.0,20
338.6,932.7974971102221,405.16214560872925,477.24406255173943,-0.0,-0.47,3125,3125,3125,3125,17.8,-9.11,0.0,20
338.7,934.5779596247896,404.2511279172324,477.24406255187773,-0.0,-0.47,3065,3065,3065,3065,17.8,-9.11,0.0,20
338.8,936.3584221393571,403.34011022573554,477.24406255200864,-0.0,-0.47,3125,3125,3125,3125,17.8,-9.11,0.0,20
338.9,938.1388846539246,402.4290925342387,477.24406255213256,-0.0,-0.47,3065,3065,3065,3065,17.8,-9.11,0.0,20
339.0,939.9193471684921,401.51807484274184,477.2440625522499,-0.0,-0.47,3125,3125,3125,3125,17.8,-9.11,0.0,20
339.1,941.6998096830595,400.607057151245,477.24406255236096,-0.0,-0.47,3065,3065,3065,3065,17.8,-9.11,0.0,20
339.2,943.480272197627,399.69603945974814,477.2440625524661,-0.0,-0.47,3125,3125,3125,3125,17.8,-9.11,0.0,20
339.3,945.2607347121944,398.7850217682513,477.24406255256565,-0.0,-0.47,3065,3065,3065,3065,17.8,-9.11,0.0,20
339.4,947.0411972267619,397.87400407675443,477.2440625526599,-0.0,-0.47,3125,3125,3125,3125,17.8,-9.11,0.0,20
339.5,948.8216597413294,396.9629863852576,477.2440625527491,-0.0,-0.47,3065,3065,3065,3065,17.8,-9.11,0.0,20
339.6,950.6021222558969,396.0519686937607,477.24406255283355,-0.0,-0.47,3125,3125,3125,3125,17.8,-9.11,0.0,20
339.7,952.3825847704643,395.1409510022639,477.24406255291353,-0.0,-0.47,3065,3065,3065,3065,17.8,-9.11,0.0,20
339.8,954.1630472850318,394.229933310767,477.2440625529892,-0.0,-0.47,3125,3125,3125,3125,17.8,-9.11,0.0,20
339.9,955.9435097995993,393.3189156192702,477.2440625530608,-0.0,-0.47,3065,3065,3065,3065,17.8,-9.11,0.0,20
340.0,957.7239723141668,392.4078979277733,477.24406255312863,-0.0,-0.47,3125,3125,3125,3125,17.8,-9.11,0.0,20
340.1,959.5044348287342,391.49688023627647,477.24406255319286,-0.0,-0.47,3065,3065,3065,3065,17.8,-9.11,0.0,20
340.2,961.0991890429548,390.68088479079137,477.2440625532536,-0.0,-0.47,3005,3005,3005,3005,15.95,-8.16,0.0,20
340.3,962.4813093619458,389.9736887380376,477.24406255331115,-0.0,-0.47,2945,2945,2945,2945,13.82,-7.07,0.0,20
340.4,963.6791469717381,389.3607854923177,477.2440625533656,-0.0,-0.47,2988,2988,2988,2988,11.98,-6.13,0.0,20
340.5,964.7172729002248,388.8296026793604,477.24406255341717,-0.0,-0.47,2928,2928,2928,2928,10.38,-5.31,0.0,20
340.6,965.6169820382465,388.36924424146406,477.244062553466,-0.0,-0.47,2868,2868,2868,2868,9.0,-4.6,0.0,20
340.7,966.3967299578654,387.9702669286206,477.2440625535122,-0.0,-0.47,2852,2852,2852,2852,7.8,-3.99,0.0,20
340.8,967.0725114882018,387.6244865908229,477.244062553556,-0.0,-0.47,2804,2804,2804,2804,6.76,-3.46,0.0,20
340.9,966.0286991341443,388.1893276508231,477.16406255349386,0.63,2.65,2744,2744,2744,2744,-10.44,5.65,-0.8,20
341.0,964.7761690758598,388.8671126981579,477.07766255342676,0.64,2.65,2684,2684,2684,2684,-12.53,6.78,-0.86,20
341.1,963.2731681356673,389.6804357451016,476.9843505533543,0.64,2.65,2744,2744,2744,2744,-15.03,8.13,-0.93,20
341.2,961.5141910525291,390.6322758687539,476.883573593276,0.64,2.65,2804,2804,2804,2804,-17.59,9.52,-1.01,20
341.3,959.7552139693909,391.58411599240617,476.7747344763915,0.64,2.65,2744,2744,2744,2744,-17.59,9.52,-1.09,20
341.4,957.9962368862526,392.53595611605846,476.6571882301562,0.64,2.65,2719,2719,2719,2719,-17.59,9.52,-1.18,20
341.5,956.2372598031144,393.48779623971075,476.53023828422204,0.64,2.65,2683,2683,2683,2683,-17.59,9.52,-1.27,20
341.6,954.4782827199762,394.43963636336304,476.39313234261317,0.64,2.65,2681,2681,2681,2681,-17.59,9.52,-1.37,20
341.7,952.7193056368379,395.3914764870153,476.2450579256756,0.64,2.65,2621,2621,2621,2621,-17.59,9.52,-1.48,20
341.8,950.9603285536997,396.3433166106676,476.085137555383,0.65,2.65,2601,2601,2601,2601,-17.59,9.52,-1.6,20
341.9,949.2013514705615,397.2951567343199,475.91242355546706,0.65,2.65,2541,2541,2541,2541,-17.59,9.52,-1.73,20
342.0,947.4423743874232,398.2469968579722,475.7258924355578,0.65,2.65,2539,2539,2539,2539,-17.59,9.52,-1.87,20
342.1,945.683397304285,399.1988369816245,475.5244388260558,0.65,2.65,2479,2479,2479,2479,-17.59,9.52,-2.01,20
342.2,943.9244202211468,400.15067710527677,475.3068689277937,0.65,2.65,2419,2419,2419,2419,-17.59,9.52,-2.18,20
342.3,942.1654431380085,401.10251722892906,475.07189343767055,0.65,2.65,2359,2359,2359,2359,-17.59,9.52,-2.35,20
342.4,940.4064660548703,402.05435735258135,474.81811990833756,0.66,2.65,2299,2299,2299,2299,-17.59,9.52,-2.54,20
342.5,938.6474889717321,403.00619747623364,474.54404449665793,0.66,2.65,2246,2246,2246,2246,-17.59,9.52,-2.74,20
342.6,936.8885118885938,403.9580375998859,474.24804305204395,0.66,2.65,2186,2186,2186,2186,-17.59,9.52,-2.96,20
342.7,935.1295348054556,404.9098777235382,473.92836149186087,0.66,2.65,2126,2126,2126,2126,-17.59,9.52,-3.2,20
342.8,933.3705577223174,405.86171784719045,473.5831054068631,0.66,2.65,2100,2100,2100,2100,-17.59,9.52,-3.45,20
342.9,931.6115806391791,406.8135579708427,473.21022883506555,0.66,2.65,2100,2100,2100,2100,-17.59,9.52,-3.73,20
343.0,929.8526035560409,407.7653980944949,472.8075221375242,0.66,2.65,2100,2100,2100,2100,-17.59,9.52,-4.03,20
343.1,928.0936264729027,408.71723821814714,472.37259890417954,0.66,2.65,2100,2100,2100,2100,-17.59,9.52,-4.35,20
343.2,926.3346493897644,409.6690783417994,471.90288181216727,0.67,2.65,2100,2100,2100,2100,-17.59,9.52,-4.7,20
343.3,924.5756723066262,410.6209184654516,471.39558735279405,0.67,2.65,2100,2100,2100,2100,-17.59,9.52,-5.07,20
343.4,922.816695223488,411.57275858910384,470.84770933667096,0.67,2.65,2100,2100,2100,2100,-17.59,9.52,-5.48,20
343.5,921.0577181403497,412.5245987127561,470.256001079258,0.67,2.65,2100,2100,2100,2100,-17.59,9.52,-5.92,20
343.6,919.2987410572115,413.4764388364083,469.616956161252,0.67,2.65,2100,2100,2100,2100,-17.59,9.52,-6.39,20
343.7,917.5397639740733,414.4282789600606,468.92678764980553,0.67,2.65,2100,2100,2100,2100,-17.59,9.52,-6.9,20
343.8,915.780786890935,415.3801190837128,468.18140565744335,0.67,2.65,2100,2100,2100,2100,-17.59,9.52,-7.45,20
343.9,914.0218098077968,416.33195920736506,467.38140565744334,0.67,2.65,2100,2100,2100,2100,-17.59,9.52,-8.0,20
344.0,912.2628327246586,417.28379933101735,466.5814056574433,0.67,2.65,2100,2100,2100,2100,-17.59,9.52,-8.0,20
344.1,910.5038556415203,418.2356394546696,465.7814056574433,0.68,2.65,2100,2100,2100,2100,-17.59,9.52,-8.0,20
344.2,908.7448785583821,419.1874795783218,464.9814056574433,0.68,2.65,2100,2100,2100,2100,-17.59,9.52,-8.0,20
344.3,906.9859014752438,420.13931970197405,464.1814056574433,0.68,2.65,2100,2100,2100,2100,-17.59,9.52,-8.0,20
344.4,905.2269243921056,421.0911598256263,463.3814056574433,0.68,2.65,2100,2100,2100,2100,-17.59,9.52,-8.0,20
344.5,903.4679473089674,422.0429999492785,462.58140565744327,0.68,2.65,2100,2100,2100,2100,-17.59,9.52,-8.0,20
344.6,901.7089702258291,422.99484007293074,461.78140565744326,0.68,2.65,2100,2100,2100,2100,-17.59,9.52,-8.0,20
344.7,899.9499931426909,423.946680196583,460.98140565744325,0.68,2.65,2100,2100,2100,2100,-17.59,9.52,-8.0,20
344.8,898.1910160595527,424.8985203202352,460.18140565744324,0.68,2.65,2100,2100,2100,2100,-17.59,9.52,-8.0,20
344.9,896.4320389764144,425.85036044388744,459.3814056574432,0.68,2.65,2100,2100,2100,2100,-17.59,9.52,-8.0,20
345.0,894.6730618932762,426.80220056753967,458.5814056574432,0.68,2.65,2100,2100,2100,2100,-17.59,9.52,-8.0,20
345.1,892.914084810138,427.7540406911919,457.7814056574432,0.69,2.65,2100,2100,2100,2100,-17.59,9.52,-8.0,20
345.2,891.1551077269997,428.70588081484414,456.9814056574432,0.69,2.65,2100,2100,2100,2100,-17.59,9.52,-8.0,20
345.3,889.3961306438615,429.65772093849637,456.1814056574432,0.69,2.65,2100,2100,2100,2100,-17.59,9.52,-8.0,20
345.4,887.6371535607233,430.6095610621486,455.38140565744317,0.69,2.65,2100,2100,2100,2100,-17.59,9.52,-8.0,20
345.5,885.878176477585,431.56140118580083,454.58140565744316,0.69,2.65,2100,2100,2100,2100,-17.59,9.52,-8.0,20
345.6,884.1191993944468,432.51324130945306,453.78140565744314,0.69,2.65,2100,2100,2100,2100,-17.59,9.52,-8.0,20
345.7,882.3602223113086,433.4650814331053,452.98140565744313,0.69,2.65,2100,2100,2100,2100,-17.59,9.52,-8.0,20
345.8,880.6012452281703,434.41692155675753,452.1814056574431,0.69,2.65,2100,2100,2100,2100,-17.59,9.52,-8.0,20
345.9,878.8422681450321,435.36876168040976,451.3814056574431,0.69,2.65,2100,2100,2100,2100,-17.59,9.52,-8.0,20
346.0,877.0832910618939,436.320601804062,450.5814056574431,0.69,2.65,2100,2100,2100,2100,-17.59,9.52,-8.0,20
346.1,875.3243139787556,437.2724419277142,449.7814056574431,0.7,2.65,2100,2100,2100,2100,-17.59,9.52,-8.0,20
346.2,873.5653368956174,438.22428205136646,448.9814056574431,0.7,2.65,2100,2100,2100,2100,-17.59,9.52,-8.0,20
346.3,871.8063598124792,439.1761221750187,448.18140565744307,0.7,2.65,2100,2100,2100,2100,-17.59,9.52,-8.0,20
346.4,870.0473827293409,440.1279622986709,447.38140565744305,0.7,2.65,2100,2100,2100,2100,-17.59,9.52,-8.0,20
346.5,868.2884056462027,441.0798024223232,446.58140565744304,0.7,2.65,2100,2100,2100,2100,-17.59,9.52,-8.0,20
346.6,866.5294285630645,442.03164254597544,445.78140565744303,0.7,2.65,2100,2100,2100,2100,-17.59,9.52,-8.0,20
346.7,864.7704514799262,442.9834826696277,444.981405657443,0.7,2.65,2100,2100,2100,2100,-17.59,9.52,-8.0,20
346.8,863.011474396788,443.93532279327997,444.181405657443,0.7,2.65,2100,2100,2100,2100,-17.59,9.52,-8.0,20
346.9,861.2524973136498,444.8871629169322,443.381405657443,0.7,2.65,2100,2100,2100,2100,-17.59,9.52,-8.0,20
347.0,859.4935202305115,445.83900304058443,442.581405657443,0.71,2.65,2100,2100,2100,2100,-17.59,9.52,-8.0,20
347.1,857.7345431473733,446.79084316423666,441.781405657443,0.71,2.65,2100,2100,2100,2100,-17.59,9.52,-8.0,20
347.2,855.9755660642351,447.7426832878889,440.98140565744296,0.71,2.65,2100,2100,2100,2100,-17.59,9.52,-8.0,20
347.3,854.2165889810968,448.6945234115411,440.18140565744295,0.71,2.65,2100,2100,2100,2100,-17.59,9.52,-8.0,20
347.4,852.4576118979586,449.64636353519336,439.38140565744294,0.71,2.65,2100,2100,2100,2100,-17.59,9.52,-8.0,20
347.5,850.6986348148204,450.5982036588456,438.58140565744293,0.71,2.65,2100,2100,2100,2100,-17.59,9.52,-8.0,20
347.6,848.9396577316821,451.5500437824978,437.7814056574429,0.71,2.65,2100,2100,2100,2100,-17.59,9.52,-8.0,20
347.7,847.1806806485439,452.50188390615006,436.9814056574429,0.71,2.65,2100,2100,2100,2100,-17.59,9.52,-8.0,20
347.8,845.4217035654057,453.4537240298023,436.1814056574429,0.71,2.65,2100,2100,2100,2100,-17.59,9.52,-8.0,20
347.9,843.6627264822674,454.4055641534545,435.3814056574429,0.72,2.65,2100,2100,2100,2100,-17.59,9.52,-8.0,20
348.0,841.9037493991292,455.35740427710675,434.5814056574429,0.72,2.65,2100,2100,2100,2100,-17.59,9.52,-8.0,20
348.1,840.144772315991,456.309244400759,433.78140565744286,0.72,2.65,2100,2100,2100,2100,-17.59,9.52,-8.0,20
348.2,838.3857952328527,457.2610845244112,432.98140565744285,0.72,2.65,2100,2100,2100,2100,-17.59,9.52,-8.0,20
348.3,836.6268181497145,458.21292464806345,432.18140565744284,0.72,2.65,2100,2100,2100,2100,-17.59,9.52,-8.0,20
348.4,834.8678410665763,459.1647647717157,431.3814056574428,0.72,2.65,2100,2100,2100,2100,-17.59,9.52,-8.0,20
348.5,833.108863983438,460.1166048953679,430.5814056574428,0.72,2.65,2100,2100,2100,2100,-17.59,9.52,-8.0,20
348.6,831.3498869002998,461.06844501902015,429.7814056574428,0.72,2.65,2100,2100,2100,2100,-17.59,9.52,-8.0,20
348.7,829.5909098171616,462.0202851426724,428.9814056574428,0.73,2.65,2100,2100,2100,2100,-17.59,9.52,-8.0,20
348.8,827.8319327340233,462.9721252663246,428.1814056574428,0.73,2.65,2100,2100,2100,2100,-17.59,9.52,-8.0,20
348.9,826.0729556508851,463.92396538997684,427.38140565744277,0.73,2.65,2100,2100,2100,2100,-17.59,9.52,-8.0,20
349.0,824.3139785677469,464.8758055136291,426.58140565744276,0.73,2.65,2100,2100,2100,2100,-17.59,9.52,-8.0,20
349.1,822.5550014846086,465.8276456372813,425.78140565744275,0.73,2.65,2100,2100,2100,2100,-17.59,9.52,-8.0,20
349.2,820.7960244014704,466.77948576093354,424.98140565744274,0.73,2.65,2100,2100,2100,2100,-17.59,9.52,-8.0,20
349.3,819.0370473183322,467.7313258845858,424.1814056574427,0.73,2.65,2100,2100,2100,2100,-17.59,9.52,-8.0,20
349.4,817.2780702351939,468.683166008238,423.3814056574427,0.73,2.65,2100,2100,2100,2100,-17.59,9.52,-8.0,20
349.5,815.5190931520557,469.6350061318903,422.5814056574427,0.74,2.65,2100,2100,2100,2100,-17.59,9.52,-8.0,20
349.6,813.7601160689175,470.5868462555425,421.7814056574427,0.74,2.65,2100,2100,2100,2100,-17.59,9.52,-8.0,20
349.7,812.0011389857792,471.53868637919476,420.9814056574427,0.74,2.65,2100,2100,2100,2100,-17.59,9.52,-8.0,20
349.8,810.242161902641,472.490526502847,420.18140565744267,0.74,2.65,2100,2100,2100,2100,-17.59,9.52,-8.0,20
349.9,808.4831848195028,473.4423666264992,419.38140565744266,0.74,2.65,2100,2100,2100,2100,-17.59,9.52,-8.0,20
350.0,806.7242077363645,474.39420675015145,418.58140565744264,0.74,2.65,2100,2100,2100,2100,-17.59,9.52,-8.0,20
350.1,804.9652306532263,475.3460468738037,417.78140565744263,0.74,2.65,2100,2100,2100,2100,-17.59,9.52,-8.0,20
350.2,803.206253570088,476.2978869974559,416.9814056574426,0.74,2.65,2100,2100,2100,2100,-17.59,9.52,-8.0,20
350.3,801.4472764869498,477.24972712110815,416.1814056574426,0.75,2.65,2100,2100,2100,2100,-17.59,9.52,-8.0,20
350.4,799.6882994038116,478.2015672447604,415.3814056574426,0.75,2.65,2100,2100,2100,2100,-17.59,9.52,-8.0,20
350.5,797.9293223206734,479.1534073684126,414.5814056574426,0.75,2.65,2100,2100,2100,2100,-17.59,9.52,-8.0,20
350.6,796.1703452375351,480.10524749206485,413.7814056574426,0.75,2.65,2100,2100,2100,2100,-17.59,9.52,-8.0,20
350.7,794.4113681543969,481.05708761571714,412.98140565744256,0.75,2.65,2100,2100,2100,2100,-17.59,9.52,-8.0,20
350.8,792.6523910712586,482.00892773936937,412.18140565744255,0.75,2.65,2100,2100,2100,2100,-17.59,9.52,-8.0,20
350.9,790.8934139881204,482.9607678630216,411.38140565744254,0.75,2.65,2100,2100,2100,2100,-17.59,9.52,-8.0,20
351.0,789.1344369049822,483.91260798667383,410.58140565744253,0.76,2.65,2100,2100,2100,2100,-17.59,9.52,-8.0,20
351.1,787.375459821844,484.86444811032607,409.7814056574425,0.76,2.65,2100,2100,2100,2100,-17.59,9.52,-8.0,20
351.2,785.6164827387057,485.8162882339783,408.9814056574425,0.76,2.65,2100,2100,2100,2100,-17.59,9.52,-8.0,20
351.3,783.8575056555675,486.76812835763053,408.1814056574425,0.76,2.65,2100,2100,2100,2100,-17.59,9.52,-8.0,20
351.4,782.0985285724292,487.71996848128276,407.3814056574425,0.76,2.65,2100,2100,2100,2100,-17.59,9.52,-8.0,20
351.5,780.339551489291,488.671808604935,406.5814056574425,0.76,2.65,2100,2100,2100,2100,-17.59,9.52,-8.0,20
351.6,778.5805744061528,489.6236487285872,405.78140565744246,0.77,2.65,2100,2100,2100,2100,-17.59,9.52,-8.0,20
351.7,776.8215973230145,490.57548885223946,404.98140565744245,0.77,2.65,2100,2100,2100,2100,-17.59,9.52,-8.0,20
351.8,775.0626202398763,491.5273289758917,404.18140565744244,0.77,2.65,2100,2100,2100,2100,-17.59,9.52,-8.0,20
351.9,773.3036431567381,492.4791690995439,403.38140565744243,0.77,2.65,2100,2100,2100,2100,-17.59,9.52,-8.0,20
352.0,771.5446660735998,493.43100922319616,402.5814056574424,0.77,2.65,2100,2100,2100,2100,-17.59,9.52,-8.0,20
352.1,769.7856889904616,494.3828493468484,401.7814056574424,0.77,2.65,2100,2100,2100,2100,-17.59,9.52,-8.0,20
352.2,768.0267119073234,495.3346894705006,400.9814056574424,0.77,2.65,2100,2100,2100,2100,-17.59,9.52,-8.0,20
352.3,766.2677348241851,496.28652959415285,400.1814056574424,0.78,2.65,2100,2100,2100,2100,-17.59,9.52,-8.0,20
352.4,764.5087577410469,497.2383697178051,399.3814056574424,0.78,2.65,2100,2100,2100,2100,-17.59,9.52,-8.0,20
352.5,762.7497806579087,498.1902098414573,398.58140565744236,0.78,2.65,2100,2100,2100,2100,-17.59,9.52,-8.0,20
352.6,760.9908035747704,499.14204996510955,397.78140565744235,0.78,2.65,2100,2100,2100,2100,-17.59,9.52,-8.0,20
352.7,759.2318264916322,500.0938900887618,396.98140565744234,0.78,2.65,2100,2100,2100,2100,-17.59,9.52,-8.0,20
352.8,757.472849408494,501.04573021241407,396.1814056574423,0.78,2.65,2100,2100,2100,2100,-17.59,9.52,-8.0,20
352.9,755.7138723253557,501.9975703360663,395.3814056574423,0.79,2.65,2100,2100,2100,2100,-17.59,9.52,-8.0,20
353.0,753.9548952422175,502.94941045971854,394.5814056574423,0.79,2.65,2100,2100,2100,2100,-17.59,9.52,-8.0,20
353.1,752.1959181590793,503.90125058337077,393.7814056574423,0.79,2.65,2100,2100,2100,2100,-17.59,9.52,-8.0,20
353.2,750.436941075941,504.853090707023,392.9814056574423,0.79,2.65,2100,2100,2100,2100,-17.59,9.52,-8.0,20
353.3,748.6779639928028,505.80493083067523,392.18140565744227,0.79,2.65,2100,2100,2100,2100,-17.59,9.52,-8.0,20
353.4,746.9189869096646,506.75677095432746,391.38140565744226,0.79,2.65,2100,2100,2100,2100,-17.59,9.52,-8.0,20
353.5,745.1600098265263,507.7086110779797,390.58140565744225,0.8,2.65,2100,2100,2100,2100,-17.59,9.52,-8.0,20
353.6,743.4010327433881,508.66045120163193,389.78140565744224,0.8,2.65,2100,2100,2100,2100,-17.59,9.52,-8.0,20
353.7,741.6420556602499,509.61229132528416,388.9814056574422,0.8,2.65,2100,2100,2100,2100,-17.59,9.52,-8.0,20
353.8,739.8830785771116,510.56413144893645,388.1814056574422,0.8,2.65,2100,2100,2100,2100,-17.59,9.52,-8.0,20
353.9,738.1241014939734,511.5159715725887,387.3814056574422,0.8,2.65,2100,2100,2100,2100,-17.59,9.52,-8.0,20
354.0,736.3651244108352,512.4678116962409,386.5814056574422,0.81,2.65,2100,2100,2100,2100,-17.59,9.52,-8.0,20
354.1,734.6061473276969,513.4196518198931,385.7814056574422,0.81,2.65,2100,2100,2100,2100,-17.59,9.52,-8.0,20
354.2,732.8471702445587,514.3714919435454,384.98140565744217,0.81,2.65,2100,2100,2100,2100,-17.59,9.52,-8.0,20
354.3,731.0881931614205,515.3233320671976,384.18140565744216,0.81,2.65,2100,2100,2100,2100,-17.59,9.52,-8.0,20
354.4,729.3292160782822,516.2751721908498,383.38140565744214,0.81,2.65,2100,2100,2100,2100,-17.59,9.52,-8.0,20
354.5,727.570238995144,517.2270123145021,382.58140565744213,0.82,2.65,2100,2100,2100,2100,-17.59,9.52,-8.0,20
354.6,725.8112619120058,518.1788524381543,381.7814056574421,0.82,2.65,2100,2100,2100,2100,-17.59,9.52,-8.0,20
354.7,724.0522848288675,519.1306925618065,380.9814056574421,0.82,2.65,2100,2100,2100,2100,-17.59,9.52,-8.0,20
354.8,722.2933077457293,520.0825326854588,380.1814056574421,0.82,2.65,2100,2100,2100,2100,-17.59,9.52,-8.0,20
354.9,720.5343306625911,521.034372809111,379.3814056574421,0.82,2.65,2100,2100,2100,2100,-17.59,9.52,-8.0,20
355.0,718.7753535794528,521.9862129327632,378.5814056574421,0.82,2.65,2100,2100,2100,2100,-17.59,9.52,-8.0,20
355.1,717.0163764963146,522.9380530564155,377.78140565744206,0.83,2.65,2100,2100,2100,2100,-17.59,9.52,-8.0,20
355.2,715.2573994131764,523.8898931800677,376.98140565744205,0.83,2.65,2100,2100,2100,2100,-17.59,9.52,-8.0,20
355.3,713.4984223300381,524.8417333037199,376.18140565744204,0.83,2.65,2100,2100,2100,2100,-17.59,9.52,-8.0,20
355.4,711.7394452468999,525.7935734273722,375.38140565744203,0.83,2.65,2100,2100,2100,2100,-17.59,9.52,-8.0,20
355.5,709.9804681637617,526.7454135510244,374.581405657442,0.84,2.65,2100,2100,2100,2100,-17.59,9.52,-8.0,20
355.6,708.2214910806234,527.6972536746766,373.781405657442,0.84,2.65,2100,2100,2100,2100,-17.59,9.52,-8.0,20
355.7,706.4625139974852,528.6490937983289,372.981405657442,0.84,2.65,2100,2100,2100,2100,-17.59,9.52,-8.0,20
355.8,704.703536914347,529.6009339219811,372.181405657442,0.84,2.65,2100,2100,2100,2100,-17.59,9.52,-8.0,20
355.9,702.9445598312087,530.5527740456333,371.381405657442,0.84,2.65,2100,2100,2100,2100,-17.59,9.52,-8.0,20
356.0,701.1855827480705,531.5046141692856,370.58140565744196,0.85,2.65,2100,2100,2100,2100,-17.59,9.52,-8.0,20
356.1,699.4266056649323,532.4564542929378,369.78140565744195,0.85,2.65,2100,2100,2100,2100,-17.59,9.52,-8.0,20
356.2,697.667628581794,533.40829441659,368.98140565744194,0.85,2.65,2100,2100,2100,2100,-17.59,9.52,-8.0,20
356.3,695.9086514986558,534.3601345402423,368.1814056574419,0.85,2.65,2100,2100,2100,2100,-17.59,9.52,-8.0,20
356.4,694.1496744155176,535.3119746638945,367.3814056574419,0.85,2.65,2100,2100,2100,2100,-17.59,9.52,-8.0,20
356.5,692.3906973323793,536.2638147875467,366.5814056574419,0.86,2.65,2100,2100,2100,2100,-17.59,9.52,-8.0,20
356.6,690.6317202492411,537.215654911199,365.7814056574419,0.86,2.65,2100,2100,2100,2100,-17.59,9.52,-8.0,20
356.7,688.8727431661029,538.1674950348512,364.9814056574419,0.86,2.65,2100,2100,2100,2100,-17.59,9.52,-8.0,20
356.8,687.1137660829646,539.1193351585034,364.18140565744187,0.86,2.65,2100,2100,2100,2100,-17.59,9.52,-8.0,20
356.9,685.3547889998264,540.0711752821557,363.38140565744186,0.87,2.65,2100,2100,2100,2100,-17.59,9.52,-8.0,20
357.0,683.5958119166881,541.0230154058079,362.58140565744185,0.87,2.65,2100,2100,2100,2100,-17.59,9.52,-8.0,20
357.1,681.8368348335499,541.9748555294601,361.78140565744184,0.87,2.65,2100,2100,2100,2100,-17.59,9.52,-8.0,20
357.2,680.0778577504117,542.9266956531123,360.9814056574418,0.87,2.65,2100,2100,2100,2100,-17.59,9.52,-8.0,20
357.3,678.3188806672734,543.8785357767646,360.1814056574418,0.88,2.65,2100,2100,2100,2100,-17.59,9.52,-8.0,20
357.4,676.5599035841352,544.8303759004168,359.3814056574418,0.88,2.65,2100,2100,2100,2100,-17.59,9.52,-8.0,20
357.5,674.800926500997,545.782216024069,358.5814056574418,0.88,2.65,2100,2100,2100,2100,-17.59,9.52,-8.0,20
357.6,673.0419494178587,546.7340561477213,357.7814056574418,0.88,2.65,2100,2100,2100,2100,-17.59,9.52,-8.0,20
357.7,671.2829723347205,547.6858962713735,356.98140565744177,0.89,2.65,2100,2100,2100,2100,-17.59,9.52,-8.0,20
357.8,669.5239952515823,548.6377363950257,356.18140565744176,0.89,2.65,2100,2100,2100,2100,-17.59,9.52,-8.0,20
357.9,667.765018168444,549.589576518678,355.38140565744175,0.89,2.65,2100,2100,2100,2100,-17.59,9.52,-8.0,20
358.0,666.0060410853058,550.5414166423302,354.58140565744174,0.89,2.65,2100,2100,2100,2100,-17.59,9.52,-8.0,20
358.1,664.2470640021676,551.4932567659824,353.7814056574417,0.9,2.65,2100,2100,2100,2100,-17.59,9.52,-8.0,20
358.2,662.4880869190293,552.4450968896347,352.9814056574417,0.9,2.65,2100,2100,2100,2100,-17.59,9.52,-8.0,20
358.3,660.7291098358911,553.3969370132869,352.1814056574417,0.9,2.65,2100,2100,2100,2100,-17.59,9.52,-8.0,20
358.4,658.9701327527529,554.3487771369391,351.3814056574417,0.9,2.65,2100,2100,2100,2100,-17.59,9.52,-8.0,20
358.5,657.2111556696146,555.3006172605914,350.5814056574417,0.91,2.65,2100,2100,2100,2100,-17.59,9.52,-8.0,20
358.6,655.4521785864764,556.2524573842436,349.78140565744167,0.91,2.65,2100,2100,2100,2100,-17.59,9.52,-8.0,20
358.7,653.6932015033382,557.2042975078958,348.98140565744166,0.91,2.65,2100,2100,2100,2100,-17.59,9.52,-8.0,20
358.8,651.9342244201999,558.1561376315481,348.18140565744164,0.92,2.65,2100,2100,2100,2100,-17.59,9.52,-8.0,20
358.9,650.1752473370617,559.1079777552003,347.38140565744163,0.92,2.65,2100,2100,2100,2100,-17.59,9.52,-8.0,20
359.0,648.4162702539235,560.0598178788525,346.5814056574416,0.92,2.65,2100,2100,2100,2100,-17.59,9.52,-8.0,20
359.1,646.6572931707852,561.0116580025048,345.7814056574416,0.92,2.65,2100,2100,2100,2100,-17.59,9.52,-8.0,20
359.2,644.898316087647,561.963498126157,344.9814056574416,0.93,2.65,2100,2100,2100,2100,-17.59,9.52,-8.0,20
359.3,643.1393390045088,562.9153382498092,344.1814056574416,0.93,2.65,2100,2100,2100,2100,-17.59,9.52,-8.0,20
359.4,641.3803619213705,563.8671783734615,343.3814056574416,0.93,2.65,2100,2100,2100,2100,-17.59,9.52,-8.0,20
359.5,639.6213848382323,564.8190184971137,342.58140565744156,0.94,2.65,2100,2100,2100,2100,-17.59,9.52,-8.0,20
359.6,637.8624077550941,565.7708586207659,341.78140565744155,0.94,2.65,2100,2100,2100,2100,-17.59,9.52,-8.0,20
359.7,636.1034306719558,566.7226987444182,340.98140565744154,0.94,2.65,2100,2100,2100,2100,-17.59,9.52,-8.0,20
359.8,634.3444535888176,567.6745388680704,340.18140565744153,0.95,2.65,2100,2100,2100,2100,-17.59,9.52,-8.0,20
359.9,632.5854765056794,568.6263789917226,339.3814056574415,0.95,2.65,2100,2100,2100,2100,-17.59,9.52,-8.0,20
360.0,630.8264994225411,569.5782191153748,338.5814056574415,0.95,2.65,2100,2100,2100,2100,-17.59,9.52,-8.0,20
360.1,629.0675223394029,570.5300592390271,337.7814056574415,0.95,2.65,2100,2100,2100,2100,-17.59,9.52,-8.0,20
360.2,627.3085452562647,571.4818993626793,336.9814056574415,0.96,2.65,2100,2100,2100,2100,-17.59,9.52,-8.0,20
360.3,625.5495681731264,572.4337394863315,336.1814056574415,0.96,2.65,2100,2100,2100,2100,-17.59,9.52,-8.0,20
360.4,623.7905910899882,573.3855796099838,335.38140565744146,0.96,2.65,2100,2100,2100,2100,-17.59,9.52,-8.0,20
360.5,622.03161400685,574.337419733636,334.58140565744145,0.97,2.65,2100,2100,2100,2100,-17.59,9.52,-8.0,20
360.6,620.2726369237117,575.2892598572882,333.78140565744144,0.97,2.65,2100,2100,2100,2100,-17.59,9.52,-8.0,20
360.7,618.5136598405735,576.2410999809405,332.9814056574414,0.97,2.65,2100,2100,2100,2100,-17.59,9.52,-8.0,20
360.8,616.7546827574353,577.1929401045927,332.1814056574414,0.98,2.65,2100,2100,2100,2100,-17.59,9.52,-8.0,20
360.9,614.995705674297,578.1447802282449,331.3814056574414,0.98,2.65,2100,2100,2100,2100,-17.59,9.52,-8.0,20
361.0,613.2367285911588,579.0966203518972,330.5814056574414,0.99,2.65,2100,2100,2100,2100,-17.59,9.52,-8.0,20
361.1,611.4777515080206,580.0484604755494,329.7814056574414,0.99,2.65,2100,2100,2100,2100,-17.59,9.52,-8.0,20
361.2,609.7187744248823,581.0003005992016,328.98140565744137,0.99,2.65,2100,2100,2100,2100,-17.59,9.52,-8.0,20
361.3,607.9597973417441,581.9521407228539,328.18140565744136,1.0,2.65,2100,2100,2100,2100,-17.59,9.52,-8.0,20
361.4,606.2008202586059,582.9039808465061,327.38140565744135,1.0,2.65,2100,2100,2100,2100,-17.59,9.52,-8.0,20
361.5,604.4418431754676,583.8558209701583,326.58140565744134,1.0,2.65,2100,2100,2100,2100,-17.59,9.52,-8.0,20
361.6,602.6828660923294,584.8076610938106,325.7814056574413,1.01,2.65,2100,2100,2100,2100,-17.59,9.52,-8.0,20
361.7,600.9238890091912,585.7595012174628,324.9814056574413,1.01,2.65,2100,2100,2100,2100,-17.59,9.52,-8.0,20
361.8,599.1649119260529,586.711341341115,324.1814056574413,1.01,2.65,2100,2100,2100,2100,-17.59,9.52,-8.0,20
361.9,597.4059348429147,587.6631814647673,323.3814056574413,1.02,2.65,2100,2100,2100,2100,-17.59,9.52,-8.0,20
362.0,595.6469577597765,588.6150215884195,322.5814056574413,1.02,2.65,2100,2100,2100,2100,-17.59,9.52,-8.0,20
362.1,593.8879806766382,589.5668617120717,321.78140565744127,1.03,2.65,2100,2100,2100,2100,-17.59,9.52,-8.0,20
362.2,592.1290035935,590.518701835724,320.98140565744126,1.03,2.65,2100,2100,2100,2100,-17.59,9.52,-8.0,20
362.3,590.3700265103618,591.4705419593762,320.18140565744125,1.03,2.65,2100,2100,2100,2100,-17.59,9.52,-8.0,20
362.4,588.6110494272235,592.4223820830284,319.38140565744123,1.04,2.65,2100,2100,2100,2100,-17.59,9.52,-8.0,20
362.5,586.8520723440853,593.3742222066807,318.5814056574412,1.04,2.65,2100,2100,2100,2100,-17.59,9.52,-8.0,20
362.6,585.093095260947,594.3260623303329,317.7814056574412,1.05,2.65,2100,2100,2100,2100,-17.59,9.52,-8.0,20
362.7,583.3341181778088,595.2779024539851,316.9814056574412,1.05,2.65,2100,2100,2100,2100,-17.59,9.52,-8.0,20
362.8,581.5751410946706,596.2297425776374,316.1814056574412,1.05,2.65,2100,2100,2100,2100,-17.59,9.52,-8.0,20
362.9,579.8161640115324,597.1815827012896,315.3814056574412,1.06,2.65,2100,2100,2100,2100,-17.59,9.52,-8.0,20
363.0,578.0571869283941,598.1334228249418,314.58140565744117,1.06,2.65,2100,2100,2100,2100,-17.59,9.52,-8.0,20
363.1,576.2982098452559,599.085262948594,313.78140565744116,1.07,2.65,2100,2100,2100,2100,-17.59,9.52,-8.0,20
363.2,574.5392327621176,600.0371030722463,312.98140565744114,1.07,2.65,2100,2100,2100,2100,-17.59,9.52,-8.0,20
363.3,572.7802556789794,600.9889431958985,312.18140565744113,1.08,2.65,2100,2100,2100,2100,-17.59,9.52,-8.0,20
363.4,571.0212785958412,601.9407833195507,311.3814056574411,1.08,2.65,2100,2100,2100,2100,-17.59,9.52,-8.0,20
363.5,569.262301512703,602.892623443203,310.5814056574411,1.09,2.65,2100,2100,2100,2100,-17.59,9.52,-8.0,20
363.6,567.5033244295647,603.8444635668552,309.7814056574411,1.09,2.65,2100,2100,2100,2100,-17.59,9.52,-8.0,20
363.7,565.7443473464265,604.7963036905074,308.9814056574411,1.09,2.65,2100,2100,2100,2100,-17.59,9.52,-8.0,20
363.8,563.9853702632882,605.7481438141597,308.1814056574411,1.1,2.65,2100,2100,2100,2100,-17.59,9.52,-8.0,20
363.9,562.22639318015,606.6999839378119,307.38140565744106,1.1,2.65,2100,2100,2100,2100,-17.59,9.52,-8.0,20
364.0,560.4674160970118,607.6518240614641,306.58140565744105,1.11,2.65,2100,2100,2100,2100,-17.59,9.52,-8.0,20
364.1,558.7084390138735,608.6036641851164,305.78140565744104,1.11,2.65,2100,2100,2100,2100,-17.59,9.52,-8.0,20
364.2,556.9494619307353,609.5555043087686,304.98140565744103,1.12,2.65,2100,2100,2100,2100,-17.59,9.52,-8.0,20
364.3,555.1904848475971,610.5073444324208,304.181405657441,1.12,2.65,2100,2100,2100,2100,-17.59,9.52,-8.0,20
364.4,553.4315077644588,611.4591845560731,303.381405657441,1.13,2.65,2100,2100,2100,2100,-17.59,9.52,-8.0,20
364.5,551.6725306813206,612.4110246797253,302.581405657441,1.13,2.65,2100,2100,2100,2100,-17.59,9.52,-8.0,20
364.6,549.9135535981824,613.3628648033775,301.781405657441,1.14,2.65,2100,2100,2100,2100,-17.59,9.52,-8.0,20
364.7,548.1545765150441,614.3147049270298,300.981405657441,1.14,2.65,2100,2100,2100,2100,-17.59,9.52,-8.0,20
364.8,546.3955994319059,615.266545050682,300.18140565744096,1.15,2.65,2100,2100,2100,2100,-17.59,9.52,-8.0,20
364.9,544.6366223487677,616.2183851743342,299.38140565744095,1.15,2.65,2100,2100,2100,2100,-17.59,9.52,-8.0,20
365.0,542.8776452656294,617.1702252979865,298.58140565744094,1.16,2.65,2100,2100,2100,2100,-17.59,9.52,-8.0,20
365.1,541.1186681824912,618.1220654216387,297.7814056574409,1.17,2.65,2100,2100,2100,2100,-17.59,9.52,-8.0,20
365.2,539.359691099353,619.0739055452909,296.9814056574409,1.17,2.65,2100,2100,2100,2100,-17.59,9.52,-8.0,20
365.3,537.6007140162147,620.0257456689432,296.1814056574409,1.18,2.65,2100,2100,2100,2100,-17.59,9.52,-8.0,20
365.4,535.8417369330765,620.9775857925954,295.3814056574409,1.18,2.65,2100,2100,2100,2100,-17.59,9.52,-8.0,20
365.5,534.0827598499383,621.9294259162476,294.5814056574409,1.19,2.65,2100,2100,2100,2100,-17.59,9.52,-8.0,20
365.6,532.3237827668,622.8812660398999,293.78140565744087,1.19,2.65,2100,2100,2100,2100,-17.59,9.52,-8.0,20
365.7,530.5648056836618,623.8331061635521,292.98140565744086,1.2,2.65,2100,2100,2100,2100,-17.59,9.52,-8.0,20
365.8,528.8058286005236,624.7849462872043,292.18140565744085,1.2,2.65,2100,2100,2100,2100,-17.59,9.52,-8.0,20
365.9,527.0468515173853,625.7367864108566,291.38140565744084,1.21,2.65,2100,2100,2100,2100,-17.59,9.52,-8.0,20
366.0,525.2878744342471,626.6886265345088,290.5814056574408,1.22,2.65,2100,2100,2100,2100,-17.59,9.52,-8.0,20
366.1,523.5288973511089,627.640466658161,289.7814056574408,1.22,2.65,2100,2100,2100,2100,-17.59,9.52,-8.0,20
366.2,521.7699202679706,628.5923067818132,288.9814056574408,1.23,2.65,2100,2100,2100,2100,-17.59,9.52,-8.0,20
366.3,520.0109431848324,629.5441469054655,288.1814056574408,1.24,2.65,2100,2100,2100,2100,-17.59,9.52,-8.0,20
366.4,518.2519661016942,630.4959870291177,287.3814056574408,1.24,2.65,2100,2100,2100,2100,-17.59,9.52,-8.0,20
366.5,516.4929890185559,631.44782715277,286.58140565744077,1.25,2.65,2100,2100,2100,2100,-17.59,9.52,-8.0,20
366.6,514.7340119354177,632.3996672764222,285.78140565744076,1.25,2.65,2100,2100,2100,2100,-17.59,9.52,-8.0,20
366.7,512.9750348522795,633.3515074000744,284.98140565744075,1.26,2.65,2100,2100,2100,2100,-17.59,9.52,-8.0,20
366.8,511.2160577691412,634.3033475237266,284.18140565744073,1.27,2.65,2100,2100,2100,2100,-17.59,9.52,-8.0,20
366.9,509.4570806860029,635.2551876473789,283.3814056574407,1.27,2.65,2100,2100,2100,2100,-17.59,9.52,-8.0,20
367.0,507.6981036028646,636.2070277710311,282.5814056574407,1.28,2.65,2100,2100,2100,2100,-17.59,9.52,-8.0,20
367.1,505.9391265197263,637.1588678946833,281.7814056574407,1.29,2.65,2100,2100,2100,2100,-17.59,9.52,-8.0,20
367.2,504.180149436588,638.1107080183356,280.9814056574407,1.29,2.65,2100,2100,2100,2100,-17.59,9.52,-8.0,20
367.3,502.4211723534497,639.0625481419878,280.1814056574407,1.3,2.65,2100,2100,2100,2100,-17.59,9.52,-8.0,20
367.4,500.66219527031143,640.01438826564,279.38140565744067,1.31,2.65,2100,2100,2100,2100,-17.59,9.52,-8.0,20
367.5,498.90321818717314,640.9662283892923,278.58140565744065,1.31,2.65,2100,2100,2100,2100,-17.59,9.52,-8.0,20
367.6,497.14424110403485,641.9180685129445,277.78140565744064,1.32,2.65,2100,2100,2100,2100,-17.59,9.52,-8.0,20
367.7,495.38526402089656,642.8699086365967,276.98140565744063,1.33,2.65,2100,2100,2100,2100,-17.59,9.52,-8.0,20
367.8,493.62628693775827,643.821748760249,276.1814056574406,1.34,2.65,2100,2100,2100,2100,-17.59,9.52,-8.0,20
367.9,491.86730985462,644.7735888839012,275.3814056574406,1.34,2.65,2100,2100,2100,2100,-17.59,9.52,-8.0,20
368.0,490.1083327714817,645.7254290075534,274.5814056574406,1.35,2.65,2100,2100,2100,2100,-17.59,9.52,-8.0,20
368.1,488.3493556883434,646.6772691312057,273.7814056574406,1.36,2.65,2100,2100,2100,2100,-17.59,9.52,-8.0,20
368.2,486.5903786052051,647.629109254858,272.9814056574406,1.37,2.65,2100,2100,2100,2100,-17.59,9.52,-8.0,20
368.3,484.8314015220668,648.5809493785102,272.18140565744056,1.37,2.65,2100,2100,2100,2100,-17.59,9.52,-8.0,20
368.4,483.0724244389285,649.5327895021626,271.38140565744055,1.38,2.65,2100,2100,2100,2100,-17.59,9.52,-8.0,20
368.5,481.31344735579023,650.4846296258149,270.58140565744054,1.39,2.65,2100,2100,2100,2100,-17.59,9.52,-8.0,20
368.6,479.55447027265194,651.4364697494672,269.78140565744053,1.4,2.65,2100,2100,2100,2100,-17.59,9.52,-8.0,20
368.7,477.79549318951365,652.3883098731195,268.9814056574405,1.4,2.65,2100,2100,2100,2100,-17.59,9.52,-8.0,20
368.8,476.03651610637536,653.3401499967719,268.1814056574405,1.41,2.65,2100,2100,2100,2100,-17.59,9.52,-8.0,20
368.9,474.27753902323707,654.2919901204241,267.3814056574405,1.42,2.65,2100,2100,2100,2100,-17.59,9.52,-8.0,20
369.0,472.5185619400988,655.2438302440764,266.5814056574405,1.43,2.65,2100,2100,2100,2100,-17.59,9.52,-8.0,20
369.1,470.7595848569605,656.1956703677287,265.7814056574405,1.44,2.65,2100,2100,2100,2100,-17.59,9.52,-8.0,20
369.2,469.00060777382225,657.147510491381,264.98140565744046,1.44,2.65,2100,2100,2100,2100,-17.59,9.52,-8.0,20
369.3,467.24163069068396,658.0993506150332,264.18140565744045,1.45,2.65,2100,2100,2100,2100,-17.59,9.52,-8.0,20
369.4,465.4826536075457,659.0511907386856,263.38140565744044,1.46,2.65,2100,2100,2100,2100,-17.59,9.52,-8.0,20
369.5,463.72367652440744,660.0030308623378,262.5814056574404,1.47,2.65,2100,2100,2100,2100,-17.59,9.52,-8.0,20
369.6,461.9646994412692,660.9548709859902,261.7814056574404,1.48,2.65,2100,2100,2100,2100,-17.59,9.52,-8.0,20
369.7,460.2057223581309,661.9067111096424,260.9814056574404,1.49,2.65,2100,2100,2100,2100,-17.59,9.52,-8.0,20
369.8,458.4467452749927,662.8585512332947,260.1814056574404,1.5,2.65,2100,2100,2100,2100,-17.59,9.52,-8.0,20
369.9,456.7549606836228,663.7740312984298,259.3814056574404,1.5,2.65,2100,2100,2100,2100,-16.92,9.15,-8.0,20
370.0,455.28874737110226,664.5674473548802,258.58140565744037,1.51,2.65,2100,2100,2100,2100,-14.66,7.93,-8.0,20
370.1,454.0180291669178,665.2550746038039,257.78140565744036,1.52,2.65,2100,2100,2100,2100,-12.71,6.88,-8.0,20
370.2,452.91674005662463,665.8510182195378,256.98140565744035,1.53,2.65,2100,2100,2100,2100,-11.01,5.96,-8.0,20
370.3,451.9622894943705,666.3675026865071,256.18140565744034,1.53,2.65,2100,2100,2100,2100,-9.54,5.16,-8.0,20
370.4,451.1350990070836,666.8151225578805,255.38140565744033,1.54,2.65,2100,2100,2100,2100,-8.27,4.48,-8.0,20
370.5,450.41820058476833,667.2030597797375,254.5814056574403,1.54,2.65,2100,2100,2100,2100,-7.17,3.88,-8.0,20
370.6,449.7968886187617,667.5392720386802,253.7814056574403,1.55,2.65,2100,2100,2100,2100,-6.21,3.36,-8.0,20
370.7,449.25841824822265,667.8306559964306,252.9814056574403,1.55,2.65,2100,2100,2100,2100,-5.38,2.91,-8.0,20
370.8,448.7917439270888,668.0831887598142,252.18140565744028,1.55,2.65,2100,2100,2100,2100,-4.67,2.53,-8.0,20
370.9,448.3872928487728,668.30205048808,251.38140565744027,1.55,2.65,2100,2100,2100,2100,-4.04,2.19,-8.0,20
371.0,448.0367685808989,668.4917306525771,250.58140565744026,1.56,2.65,2100,2100,2100,2100,-3.51,1.9,-8.0,20
371.1,447.7329808820749,668.6561201284745,249.78140565744025,1.56,2.65,2100,2100,2100,2100,-3.04,1.64,-8.0,20
371.2,447.4696982097608,668.7985910075856,248.98140565744023,1.56,2.65,2100,2100,2100,2100,-2.63,1.42,-8.0,20
371.3,447.2415198937552,668.922065769482,248.18140565744022,1.56,2.65,2100,2100,2100,2100,-2.28,1.23,-8.0,20
371.4,447.043765353217,669.029077229792,247.3814056574402,1.56,2.65,2100,2100,2100,2100,-1.98,1.07,-8.0,20
371.5,446.8723780847506,669.1218204953941,246.5814056574402,1.56,2.65,2100,2100,2100,2100,-1.71,0.93,-8.0,20
371.6,446.72384245207974,669.2021979922492,245.7814056574402,1.56,2.65,2100,2100,2100,2100,-1.49,0.8,-8.0,20
371.7,446.59511157043164,669.2718584895237,244.98140565744018,1.57,2.65,2100,2100,2100,2100,-1.29,0.7,-8.0,20
371.8,446.4835448063366,669.3322309204949,244.18140565744017,1.57,2.65,2100,2100,2100,2100,-1.12,0.6,-8.0,20
371.9,446.38685361078757,669.3845536940033,243.38140565744015,1.57,2.65,2100,2100,2100,2100,-0.97,0.52,-8.0,20
372.0,446.3030545746451,669.4299000977106,242.58140565744014,1.57,2.65,2100,2100,2100,2100,-0.84,0.45,-8.0,20
372.1,446.2304287433216,669.4692003142569,241.78140565744013,1.57,2.65,2100,2100,2100,2100,-0.73,0.39,-8.0,20
372.2,446.1674863561746,669.5032605019303,240.98140565744012,1.57,2.65,2100,2100,2100,2100,-0.63,0.34,-8.0,20
372.3,446.11293628731386,669.5327793312473,240.1814056574401,1.57,2.65,2100,2100,2100,2100,-0.55,0.3,-8.0,20
372.4,446.06565956096784,669.5583623166553,239.3814056574401,1.57,2.65,2100,2100,2100,2100,-0.47,0.26,-8.0,20
372.5,446.02468639813463,669.5805342373424,238.5814056574401,1.57,2.65,2100,2100,2100,2100,-0.41,0.22,-8.0,20
372.6,445.9891763236792,669.5997499019378,237.78140565744008,1.57,2.65,2100,2100,2100,2100,-0.36,0.19,-8.0,20
372.7,445.95840092581784,669.6164034779205,236.98140565744006,1.57,2.65,2100,2100,2100,2100,-0.31,0.17,-8.0,20
372.8,445.93172891433795,669.6308365771055,236.18140565744005,1.57,2.65,2100,2100,2100,2100,-0.27,0.14,-8.0,20
372.9,445.90861317105544,669.6433452630657,235.38140565744004,1.57,2.65,2100,2100,2100,2100,-0.23,0.13,-8.0,20
373.0,445.8885795268772,669.6541861242313,234.58140565744003,1.57,2.65,2100,2100,2100,2100,-0.2,0.11,-8.0,20
373.1,445.8712170352561,669.6635815372415,233.78140565744002,1.57,2.65,2100,2100,2100,2100,-0.17,0.09,-8.0,20
373.2,445.8561695425178,669.671724228517,232.98140565744,1.57,2.65,2100,2100,2100,2100,-0.15,0.08,-8.0,20
373.3,445.84312838214464,669.6787812276224,232.18140565744,1.57,2.65,2100,2100,2100,2100,-0.13,0.07,-8.0,20
373.4,445.83182604315454,669.6848972935138,231.38140565743998,1.57,2.65,2100,2100,2100,2100,-0.11,0.06,-8.0,20
373.5,445.82203068269644,669.690197883953,230.58140565743997,1.57,2.65,2100,2100,2100,2100,-0.1,0.05,-8.0,20
373.6,445.81354137029945,669.6947917290004,229.78140565743996,1.57,2.65,2100,2100,2100,2100,-0.08,0.05,-8.0,20
373.7,445.806183966222,669.6987730613747,228.98140565743995,1.57,2.65,2100,2100,2100,2100,-0.07,0.04,-8.0,20
373.8,445.7998075493549,669.7022235494325,228.18140565743994,1.57,2.65,2100,2100,2100,2100,-0.06,0.03,-8.0,20
373.9,445.79428132140345,669.7052139724158,227.38140565743993,1.57,2.65,2100,2100,2100,2100,-0.06,0.03,-8.0,20
374.0,445.7894919238455,669.7078056723348,226.58140565743992,1.57,2.65,2100,2100,2100,2100,-0.05,0.03,-8.0,20
374.1,445.7853411126286,669.7100518122645,225.7814056574399,1.57,2.65,2100,2100,2100,2100,-0.04,0.02,-8.0,20
374.2,445.7817437429073,669.7119984668702,224.9814056574399,1.57,2.65,2100,2100,2100,2100,-0.04,0.02,-8.0,20
374.3,445.7786260224822,669.7136855675286,224.18140565743988,1.57,2.65,2100,2100,2100,2100,-0.03,0.02,-8.0,20
374.4,445.77592399811374,669.7151477214325,223.38140565743987,1.57,2.65,2100,2100,2100,2100,-0.03,0.01,-8.0,20
374.5,445.7735822436611,669.7164149214825,222.58140565743986,1.57,2.65,2100,2100,2100,2100,-0.02,0.01,-8.0,20
374.6,445.77155272313547,669.7175131615259,221.78140565743985,1.57,2.65,2100,2100,2100,2100,-0.02,0.01,-8.0,20
374.7,445.7697938053466,669.7184649695635,220.98140565743984,1.57,2.65,2100,2100,2100,2100,-0.02,0.01,-8.0,20
374.8,445.76826940992953,669.7192898698627,220.18140565743983,1.57,2.65,2100,2100,2100,2100,-0.02,0.01,-8.0,20
374.9,445.7669482672348,669.7200047834554,219.3814056574398,1.57,2.65,2100,2100,2100,2100,-0.01,0.01,-8.0,20
375.0,445.76580327689936,669.7206243752356,218.5814056574398,1.57,2.65,2100,2100,2100,2100,-0.01,0.01,-8.0,20
375.1,445.76481095194197,669.7211613547786,217.7814056574398,1.57,2.65,2100,2100,2100,2100,-0.01,0.01,-8.0,20
375.2,445.7639509369789,669.7216267370492,216.98140565743978,1.57,2.65,2100,2100,2100,2100,-0.01,0.0,-8.0,20
375.3,445.76320559067756,669.7220300683504,216.18140565743977,1.57,2.65,2100,2100,2100,2100,-0.01,0.0,-8.0,20
375.4,445.7625596238831,669.7223796221447,215.38140565743976,1.57,2.65,2100,2100,2100,2100,-0.01,0.0,-8.0,20
375.5,445.76199978599453,669.7226825687665,214.58140565743975,1.57,2.65,2100,2100,2100,2100,-0.01,0.0,-8.0,20
375.6,445.76151459315776,669.7229451225053,213.78140565743973,1.57,2.65,2100,2100,2100,2100,-0.0,0.0,-8.0,20
375.7,445.76109409269924,669.723172669079,212.98140565743972,1.57,2.65,2100,2100,2100,2100,-0.0,0.0,-8.0,20
375.8,445.7607296589685,669.7233698761095,212.1814056574397,1.57,2.65,2100,2100,2100,2100,-0.0,0.0,-8.0,20
375.9,445.76041381640187,669.7235407888693,211.3814056574397,1.57,2.65,2100,2100,2100,2100,-0.0,0.0,-8.0,20
376.0,445.76014008617744,669.7236889132611,210.5814056574397,1.57,2.65,2100,2100,2100,2100,-0.0,0.0,-8.0,20
376.1,445.7599028533163,669.7238172877339,209.78140565743968,1.57,2.65,2100,2100,2100,2100,-0.0,0.0,-8.0,20
376.2,445.7596972515033,669.7239285456104,208.98140565743967,1.57,2.65,2100,2100,2100,2100,-0.0,0.0,-8.0,20
376.3,445.7595190632654,669.7240249691034,208.18140565743965,1.57,2.65,2100,2100,2100,2100,-0.0,0.0,-8.0,20
376.4,445.7593646334592,669.7241085361306,207.38140565743964,1.57,2.65,2100,2100,2100,2100,-0.0,0.0,-8.0,20
376.5,445.75923079429384,669.7241809608876,206.58140565743963,1.57,2.65,2100,2100,2100,2100,-0.0,0.0,-8.0,20
376.6,445.7591148003505,669.7242437290103,205.78140565743962,1.57,2.65,2100,2100,2100,2100,-0.0,0.0,-8.0,20
376.7,445.7590142722663,669.7242981280499,204.9814056574396,1.57,2.65,2100,2100,2100,2100,-0.0,0.0,-8.0,20
376.8,445.75892714792667,669.7243452738843,204.1814056574396,1.57,2.65,2100,2100,2100,2100,-0.0,0.0,-8.0,20
376.9,445.75885164016563,669.7243861336074,203.3814056574396,1.57,2.65,2100,2100,2100,2100,-0.0,0.0,-8.0,20
377.0,445.75878620010604,669.7244215453674,202.58140565743957,1.57,2.65,2100,2100,2100,2100,-0.0,0.0,-8.0,20
377.1,445.75872948538773,669.7244522355594,201.78140565743956,1.57,2.65,2100,2100,2100,2100,-0.0,0.0,-8.0,20
377.2,445.7586803326319,669.7244788337258,200.98140565743955,1.57,2.65,2100,2100,2100,2100,-0.0,0.0,-8.0,20
377.3,445.75863773357685,669.7245018854701,200.18140565743954,1.57,2.65,2100,2100,2100,2100,-0.0,0.0,-8.0,20
377.4,445.7586008143958,669.7245218636484,199.38140565743953,1.57,2.65,2100,2100,2100,2100,-0.0,0.0,-8.0,20
377.5,445.7585688177722,669.7245391780697,198.58140565743952,1.57,2.65,2100,2100,2100,2100,-0.0,0.0,-8.0,20
377.6,445.7585410873651,669.7245541839014,197.7814056574395,1.57,2.65,2100,2100,2100,2100,-0.0,0.0,-8.0,20
377.7,445.7585170543456,669.7245671889556,196.9814056574395,1.57,2.65,2100,2100,2100,2100,-0.0,0.0,-8.0,20
377.8,445.7584962257287,669.7245784600025,196.18140565743948,1.57,2.65,2100,2100,2100,2100,-0.0,0.0,-8.0,20
377.9,445.75847817426074,669.7245882282432,195.38140565743947,1.57,2.65,2100,2100,2100,2100,-0.0,0.0,-8.0,20
378.0,445.75846252965516,669.7245966940518,194.58140565743946,1.57,2.65,2100,2100,2100,2100,-0.0,0.0,-8.0,20
378.1,445.758448970997,669.724604031086,193.78140565743945,1.57,2.65,2100,2100,2100,2100,-0.0,0.0,-8.0,20
378.2,445.7584372201599,669.7246103898489,192.98140565743944,1.57,2.65,2100,2100,2100,2100,-0.0,0.0,-8.0,20
378.3,445.7584270361011,669.7246159007767,192.18140565743943,1.57,2.65,2100,2100,2100,2100,-0.0,0.0,-8.0,20
378.4,445.75841820991684,669.7246206769141,191.38140565743942,1.57,2.65,2100,2100,2100,2100,-0.0,0.0,-8.0,20
378.5,445.75841056055714,669.7246248162332,190.5814056574394,1.57,2.65,2100,2100,2100,2100,-0.0,0.0,-8.0,20
378.6,445.758403931112,669.7246284036431,189.7814056574394,1.57,2.65,2100,2100,2100,2100,-0.0,0.0,-8.0,20
378.7,445.7583981855929,669.7246315127318,188.98140565743938,1.57,2.65,2100,2100,2100,2100,-0.0,0.0,-8.0,20
378.8,445.758393206143,669.7246342072752,188.18140565743937,1.57,2.65,2100,2100,2100,2100,-0.0,0.0,-8.0,20
378.9,445.7583888906198,669.7246365425462,187.38140565743936,1.57,2.65,2100,2100,2100,2100,-0.0,0.0,-8.0,20
379.0,445.7583851504997,669.7246385664478,186.58140565743935,1.57,2.65,2100,2100,2100,2100,-0.0,0.0,-8.0,20
379.1,445.7583819090622,669.7246403204957,185.78140565743934,1.57,2.65,2100,2100,2100,2100,-0.0,0.0,-8.0,20
379.2,445.75837909981647,669.7246418406706,184.98140565743932,1.57,2.65,2100,2100,2100,2100,-0.0,0.0,-8.0,20
379.3,445.7583766651368,669.7246431581556,184.1814056574393,1.57,2.65,2100,2100,2100,2100,-0.0,0.0,-8.0,20
379.4,445.75837455508105,669.7246442999758,183.3814056574393,1.57,2.65,2100,2100,2100,2100,-0.0,0.0,-8.0,20
379.5,445.7583727263661,669.7246452895535,182.5814056574393,1.57,2.65,2100,2100,2100,2100,-0.0,0.0,-8.0,20
379.6,445.75837114147976,669.7246461471874,181.78140565743928,1.57,2.65,2100,2100,2100,2100,-0.0,0.0,-8.0,20
379.7,445.75836976791163,669.7246468904701,180.98140565743927,1.57,2.65,2100,2100,2100,2100,-0.0,0.0,-8.0,20
379.8,445.75836857748595,669.7246475346485,180.18140565743926,1.57,2.65,2100,2100,2100,2100,-0.0,0.0,-8.0,20
379.9,445.7583675457837,669.7246480929364,179.38140565743925,1.57,2.65,2100,2100,2100,2100,-0.0,0.0,-8.0,20
380.0,445.7583666516417,669.7246485767859,178.58140565743923,1.57,2.65,2100,2100,2100,2100,-0.0,0.0,-8.0,20
380.1,445.7583658767187,669.7246489961221,177.78140565743922,1.57,2.65,2100,2100,2100,2100,-0.0,0.0,-8.0,20
380.2,445.7583652051187,669.7246493595469,176.9814056574392,1.57,2.65,2100,2100,2100,2100,-0.0,0.0,-8.0,20
380.3,445.7583646230654,669.724649674515,176.1814056574392,1.57,2.65,2100,2100,2100,2100,-0.0,0.0,-8.0,20
380.4,445.7583641186192,669.7246499474874,175.3814056574392,1.57,2.65,2100,2100,2100,2100,-0.0,0.0,-8.0,20
380.5,445.7583636814325,669.7246501840634,174.58140565743918,1.57,2.65,2100,2100,2100,2100,-0.0,0.0,-8.0,20
380.6,445.75836330253736,669.724650389096,173.78140565743917,1.57,2.65,2100,2100,2100,2100,-0.0,0.0,-8.0,20
380.7,445.75836297416157,669.724650566791,172.98140565743915,1.57,2.65,2100,2100,2100,2100,-0.0,0.0,-8.0,20
380.8,445.7583626895692,669.7246507207932,172.18140565743914,1.57,2.65,2100,2100,2100,2100,-0.0,0.0,-8.0,20
380.9,445.7583624429225,669.7246508542618,171.38140565743913,1.57,2.65,2100,2100,2100,2100,-0.0,0.0,-8.0,20
381.0,445.758362229162,669.7246509699346,170.58140565743912,1.57,2.65,2100,2100,2100,2100,-0.0,0.0,-8.0,20
381.1,445.75836204390293,669.7246510701843,169.7814056574391,1.57,2.65,2100,2100,2100,2100,-0.0,0.0,-8.0,20
381.2,445.75836188334506,669.7246511570675,168.9814056574391,1.57,2.65,2100,2100,2100,2100,-0.0,0.0,-8.0,20
381.3,445.75836174419493,669.7246512323661,168.1814056574391,1.57,2.65,2100,2100,2100,2100,-0.0,0.0,-8.0,20
381.4,445.75836162359815,669.724651297625,167.38140565743907,1.57,2.65,2100,2100,2100,2100,-0.0,0.0,-8.0,20
381.5,445.7583615190809,669.7246513541827,166.58140565743906,1.57,2.65,2100,2100,2100,2100,-0.0,0.0,-8.0,20
381.6,445.7583614284993,669.7246514031993,165.78140565743905,1.57,2.65,2100,2100,2100,2100,-0.0,0.0,-8.0,20
381.7,445.75836134999525,669.7246514456805,164.98140565743904,1.57,2.65,2100,2100,2100,2100,-0.0,0.0,-8.0,20
381.8,445.7583612819584,669.7246514824974,164.18140565743903,1.57,2.65,2100,2100,2100,2100,-0.0,0.0,-8.0,20
381.9,445.75836122299313,669.7246515144054,163.38140565743902,1.57,2.65,2100,2100,2100,2100,-0.0,0.0,-8.0,20
382.0,445.7583611718899,669.7246515420591,162.581405657439,1.57,2.65,2100,2100,2100,2100,-0.0,0.0,-8.0,20
382.1,445.7583611276004,669.7246515660255,161.781405657439,1.57,2.65,2100,2100,2100,2100,-0.0,0.0,-8.0,20
382.2,445.7583610892162,669.7246515867964,160.98140565743898,1.57,2.65,2100,2100,2100,2100,-0.0,0.0,-8.0,20
382.3,445.7583610559499,669.7246516047979,160.18140565743897,1.57,2.65,2100,2100,2100,2100,-0.0,0.0,-8.0,20
382.4,445.75836102711907,669.7246516203993,159.38140565743896,1.57,2.65,2100,2100,2100,2100,-0.0,0.0,-8.0,20
382.5,445.75836100213235,669.7246516339204,158.58140565743895,1.57,2.65,2100,2100,2100,2100,-0.0,0.0,-8.0,20
382.6,445.7583609804772,669.7246516456387,157.78140565743894,1.57,2.65,2100,2100,2100,2100,-0.0,0.0,-8.0,20
382.7,445.75836096170946,669.7246516557946,156.98140565743893,1.57,2.65,2100,2100,2100,2100,-0.0,0.0,-8.0,20
382.8,445.75836094544405,669.7246516645963,156.18140565743892,1.57,2.65,2100,2100,2100,2100,-0.0,0.0,-8.0,20
382.9,445.75836093134734,669.7246516722245,155.3814056574389,1.57,2.65,2100,2100,2100,2100,-0.0,0.0,-8.0,20
383.0,445.7583609191302,669.7246516788356,154.5814056574389,1.57,2.65,2100,2100,2100,2100,-0.0,0.0,-8.0,20
383.1,445.75836090854204,669.7246516845652,153.78140565743888,1.57,2.65,2100,2100,2100,2100,-0.0,0.0,-8.0,20
383.2,445.75836089936564,669.7246516895309,152.98140565743887,1.57,2.65,2100,2100,2100,2100,-0.0,0.0,-8.0,20
383.3,445.75836089141274,669.7246516938345,152.18140565743886,1.57,2.65,2100,2100,2100,2100,-0.0,0.0,-8.0,20
383.4,445.75836088452024,669.7246516975642,151.38140565743885,1.57,2.65,2100,2100,2100,2100,-0.0,0.0,-8.0,20
383.5,445.75836087854674,669.7246517007967,150.58140565743884,1.57,2.65,2100,2100,2100,2100,-0.0,0.0,-8.0,20
383.6,445.75836087336967,669.7246517035982,149.78140565743882,1.57,2.65,2100,2100,2100,2100,-0.0,0.0,-8.0,20
383.7,445.7583608688829,669.7246517060261,148.9814056574388,1.57,2.65,2100,2100,2100,2100,-0.0,0.0,-8.0,20
383.8,445.75836086499436,669.7246517081303,148.1814056574388,1.57,2.65,2100,2100,2100,2100,-0.0,0.0,-8.0,20
383.9,445.7583608616243,669.724651709954,147.3814056574388,1.57,2.65,2100,2100,2100,2100,-0.0,0.0,-8.0,20
384.0,445.75836085870355,669.7246517115344,146.58140565743878,1.57,2.65,2100,2100,2100,2100,-0.0,0.0,-8.0,20
384.1,445.75836085617226,669.7246517129042,145.78140565743877,1.57,2.65,2100,2100,2100,2100,-0.0,0.0,-8.0,20
384.2,445.7583608539785,669.7246517140914,144.98140565743876,1.57,2.65,2100,2100,2100,2100,-0.0,0.0,-8.0,20
384.3,445.7583608520772,669.7246517151202,144.18140565743875,1.57,2.65,2100,2100,2100,2100,-0.0,0.0,-8.0,20
384.4,445.7583608504294,669.7246517160119,143.38140565743873,1.57,2.65,2100,2100,2100,2100,-0.0,0.0,-8.0,20
384.5,445.75836084900135,669.7246517167846,142.58140565743872,1.57,2.65,2100,2100,2100,2100,-0.0,0.0,-8.0,20
384.6,445.7583608477637,669.7246517174543,141.7814056574387,1.57,2.65,2100,2100,2100,2100,-0.0,0.0,-8.0,20
384.7,445.75836084669106,669.7246517180348,140.9814056574387,1.57,2.65,2100,2100,2100,2100,-0.0,0.0,-8.0,20
384.8,445.75836084576144,669.7246517185379,140.1814056574387,1.57,2.65,2100,2100,2100,2100,-0.0,0.0,-8.0,20
384.9,445.75836084495575,669.7246517189739,139.38140565743868,1.57,2.65,2100,2100,2100,2100,-0.0,0.0,-8.0,20
385.0,445.7583608442575,669.7246517193518,138.58140565743867,1.57,2.65,2100,2100,2100,2100,-0.0,0.0,-8.0,20
385.1,445.7583608436523,669.7246517196792,137.78140565743865,1.57,2.65,2100,2100,2100,2100,-0.0,0.0,-8.0,20
385.2,445.7583608431279,669.7246517199629,136.98140565743864,1.57,2.65,2100,2100,2100,2100,-0.0,0.0,-8.0,20
385.3,445.75836084267337,669.724651720209,136.18140565743863,1.57,2.65,2100,2100,2100,2100,-0.0,0.0,-8.0,20
385.4,445.75836084227944,669.7246517204221,135.38140565743862,1.57,2.65,2100,2100,2100,2100,-0.0,0.0,-8.0,20
385.5,445.75836084193804,669.7246517206069,134.5814056574386,1.57,2.65,2100,2100,2100,2100,-0.0,0.0,-8.0,20
385.6,445.7583608416422,669.7246517207669,133.7814056574386,1.57,2.65,2100,2100,2100,2100,-0.0,0.0,-8.0,20
385.7,445.75836084138575,669.7246517209057,132.9814056574386,1.57,2.65,2100,2100,2100,2100,-0.0,0.0,-8.0,20
385.8,445.7583608411635,669.724651721026,132.18140565743857,1.57,2.65,2100,2100,2100,2100,-0.0,0.0,-8.0,20
385.9,445.75836084097085,669.7246517211303,131.38140565743856,1.57,2.65,2100,2100,2100,2100,-0.0,0.0,-8.0,20
386.0,445.7583608408039,669.7246517212207,130.58140565743855,1.57,2.65,2100,2100,2100,2100,-0.0,0.0,-8.0,20
386.1,445.75836084065924,669.724651721299,129.78140565743854,1.57,2.65,2100,2100,2100,2100,-0.0,0.0,-8.0,20
386.2,445.75836084053384,669.7246517213669,128.98140565743853,1.57,2.65,2100,2100,2100,2100,-0.0,0.0,-8.0,20
386.3,445.75836084042515,669.7246517214256,128.18140565743852,1.57,2.65,2100,2100,2100,2100,-0.0,0.0,-8.0,20
386.4,445.75836084033097,669.7246517214766,127.38140565743852,1.57,2.65,2100,2100,2100,2100,-0.0,0.0,-8.0,20
386.5,445.75836084024934,669.7246517215207,126.58140565743852,1.57,2.65,2100,2100,2100,2100,-0.0,0.0,-8.0,20
386.6,445.7583608401786,669.724651721559,125.78140565743853,1.57,2.65,2100,2100,2100,2100,-0.0,0.0,-8.0,20
386.7,445.75836084011735,669.7246517215922,124.98140565743853,1.57,2.65,2100,2100,2100,2100,-0.0,0.0,-8.0,20
386.8,445.7583608400642,669.724651721621,124.18140565743853,1.57,2.65,2100,2100,2100,2100,-0.0,0.0,-8.0,20
386.9,445.75836084001816,669.7246517216458,123.38140565743853,1.57,2.65,2100,2100,2100,2100,-0.0,0.0,-8.0,20
387.0,445.75836083997825,669.7246517216674,122.58140565743854,1.57,2.65,2100,2100,2100,2100,-0.0,0.0,-8.0,20
387.1,445.7583608399437,669.7246517216862,121.78140565743854,1.57,2.65,2100,2100,2100,2100,-0.0,0.0,-8.0,20
387.2,445.75836083991373,669.7246517217025,120.98140565743854,1.57,2.65,2100,2100,2100,2100,-0.0,0.0,-8.0,20
387.3,445.75836083988776,669.7246517217164,120.18140565743855,1.57,2.65,2100,2100,2100,2100,-0.0,0.0,-8.0,20
387.4,445.75836083986525,669.7246517217286,119.38140565743855,1.57,2.65,2100,2100,2100,2100,-0.0,0.0,-8.0,20
387.5,445.75836083984575,669.7246517217392,118.58140565743855,1.57,2.65,2100,2100,2100,2100,-0.0,0.0,-8.0,20
387.6,445.7583608398288,669.7246517217483,117.78140565743855,1.57,2.65,2100,2100,2100,2100,-0.0,0.0,-8.0,20
387.7,445.75836083981415,669.7246517217562,116.98140565743856,1.57,2.65,2100,2100,2100,2100,-0.0,0.0,-8.0,20
387.8,445.75836083980147,669.724651721763,116.18140565743856,1.57,2.65,2100,2100,2100,2100,-0.0,0.0,-8.0,20
387.9,445.75836083979044,669.724651721769,115.38140565743856,1.57,2.65,2100,2100,2100,2100,-0.0,0.0,-8.0,20
388.0,445.7583608397809,669.7246517217741,114.58140565743857,1.57,2.65,2100,2100,2100,2100,-0.0,0.0,-8.0,20
388.1,445.75836083977265,669.7246517217785,113.78140565743857,1.57,2.64,2100,2100,2100,2100,-0.0,0.0,-8.0,20
388.2,445.7583608397655,669.7246517217824,112.98140565743857,1.57,2.64,2100,2100,2100,2100,-0.0,0.0,-8.0,20
388.3,445.7583608397593,669.7246517217858,112.18140565743857,1.57,2.64,2100,2100,2100,2100,-0.0,0.0,-8.0,20
388.4,445.7583608397539,669.7246517217887,111.38140565743858,1.57,2.64,2100,2100,2100,2100,-0.0,0.0,-8.0,20
388.5,445.75836083974923,669.7246517217912,110.58140565743858,1.57,2.64,2100,2100,2100,2100,-0.0,0.0,-8.0,20
388.6,445.7583608397452,669.7246517217934,109.78140565743858,1.57,2.64,2100,2100,2100,2100,-0.0,0.0,-8.0,20
388.7,445.75836083974167,669.7246517217953,108.98140565743859,1.57,2.64,2100,2100,2100,2100,-0.0,0.0,-8.0,20
388.8,445.75836083973866,669.724651721797,108.18140565743859,1.57,2.64,2100,2100,2100,2100,-0.0,0.0,-8.0,20
388.9,445.75836083973604,669.7246517217985,107.38140565743859,1.57,2.65,2100,2100,2100,2100,-0.0,0.0,-8.0,20
389.0,445.75836083973377,669.7246517217998,106.5814056574386,1.57,2.65,2100,2100,2100,2100,-0.0,0.0,-8.0,20
389.1,445.7583608397318,669.7246517218008,105.7814056574386,1.57,2.65,2100,2100,2100,2100,-0.0,0.0,-8.0,20
389.2,445.7583608397301,669.7246517218017,104.9814056574386,1.57,2.65,2100,2100,2100,2100,-0.0,0.0,-8.0,20
389.3,445.7583608397286,669.7246517218025,104.1814056574386,1.57,2.65,2100,2100,2100,2100,-0.0,0.0,-8.0,20
389.4,445.7583608397273,669.7246517218032,103.3814056574386,1.57,2.65,2100,2100,2100,2100,-0.0,0.0,-8.0,20
389.5,445.75836083972615,669.7246517218038,102.58140565743861,1.57,2.65,2100,2100,2100,2100,-0.0,0.0,-8.0,20
389.6,445.7583608397252,669.7246517218043,101.78140565743861,1.57,2.64,2100,2100,2100,2100,-0.0,0.0,-8.0,20
389.7,445.75836083972433,669.7246517218048,100.98140565743861,1.57,2.65,2100,2100,2100,2100,-0.0,0.0,-8.0,20
389.8,445.7583608397236,669.7246517218051,100.18140565743862,1.57,2.65,2100,2100,2100,2100,-0.0,0.0,-8.0,20
389.9,445.75836083972297,669.7246517218055,99.38140565743862,1.57,2.64,2100,2100,2100,2100,-0.0,0.0,-8.0,20
390.0,445.7583608397224,669.7246517218058,98.58140565743862,1.57,2.63,2100,2100,2100,2100,-0.0,0.0,-8.0,20
390.1,445.75836083972195,669.724651721806,97.78140565743863,1.57,2.64,2100,2100,2100,2100,-0.0,0.0,-8.0,20
390.2,445.75836083972155,669.7246517218063,96.98140565743863,1.57,2.63,2100,2100,2100,2100,-0.0,0.0,-8.0,20
390.3,445.7583608397212,669.7246517218065,96.18140565743863,1.57,2.64,2100,2100,2100,2100,-0.0,0.0,-8.0,20
390.4,445.7583608397209,669.7246517218066,95.38140565743863,1.57,2.65,2100,2100,2100,2100,-0.0,0.0,-8.0,20
390.5,445.75836083972064,669.7246517218067,94.58140565743864,1.57,2.63,2100,2100,2100,2100,-0.0,0.0,-8.0,20
390.6,445.7583608397204,669.7246517218068,93.78140565743864,1.57,2.62,2100,2100,2100,2100,-0.0,0.0,-8.0,20
390.7,445.7583608397202,669.7246517218069,92.98140565743864,1.57,2.61,2100,2100,2100,2100,-0.0,0.0,-8.0,20
390.8,445.75836083972,669.724651721807,92.18140565743865,1.57,2.59,2100,2100,2100,2100,-0.0,0.0,-8.0,20
390.9,445.75836083971984,669.7246517218072,91.38140565743865,1.57,2.6,2100,2100,2100,2100,-0.0,0.0,-8.0,20
391.0,445.7583608397197,669.7246517218073,90.58140565743865,1.57,2.61,2100,2100,2100,2100,-0.0,0.0,-8.0,20
391.1,445.7583608397196,669.7246517218074,89.78140565743865,1.57,2.65,2100,2100,2100,2100,-0.0,0.0,-8.0,20
391.2,445.7583608397195,669.7246517218074,88.98140565743866,1.57,2.71,2100,2100,2100,2100,-0.0,0.0,-8.0,20
391.3,445.75836083971944,669.7246517218074,88.18140565743866,1.57,2.64,2100,2100,2100,2100,-0.0,0.0,-8.0,20
391.4,445.7583608397194,669.7246517218074,87.38140565743866,1.57,2.6,2100,2100,2100,2100,-0.0,0.0,-8.0,20
391.5,445.75836083971933,669.7246517218074,86.58140565743867,1.57,2.55,2100,2100,2100,2100,-0.0,0.0,-8.0,20
391.6,445.7583608397193,669.7246517218074,85.78140565743867,1.57,2.5,2100,2100,2100,2100,-0.0,0.0,-8.0,20
391.7,445.7583608397192,669.7246517218074,84.98140565743867,1.57,2.43,2100,2100,2100,2100,-0.0,0.0,-8.0,20
391.8,445.75836083971916,669.7246517218074,84.18140565743867,1.57,2.36,2100,2100,2100,2100,-0.0,0.0,-8.0,20
391.9,445.7583608397191,669.7246517218074,83.38140565743868,1.57,2.27,2100,2100,2100,2100,-0.0,0.0,-8.0,20
392.0,445.75836083971905,669.7246517218074,82.58140565743868,1.57,2.16,2100,2100,2100,2100,-0.0,0.0,-8.0,20
392.1,445.75836083971905,669.7246517218074,81.78140565743868,1.57,2.03,2100,2100,2100,2100,-0.0,0.0,-8.0,20
392.2,445.75836083971905,669.7246517218074,80.98140565743869,1.57,2.03,2100,2100,2100,2100,-0.0,0.0,-8.0,20
392.3,445.75836083971905,669.7246517218074,80.18140565743869,1.57,2.03,2100,2100,2100,2100,-0.0,0.0,-8.0,20
392.4,445.75836083971905,669.7246517218074,79.38140565743869,1.57,2.03,2100,2100,2100,2100,-0.0,0.0,-8.0,20
392.5,445.75836083971905,669.7246517218074,78.5814056574387,1.57,2.03,2100,2100,2100,2100,-0.0,0.0,-8.0,20
392.6,445.75836083971905,669.7246517218074,77.7814056574387,1.57,2.03,2100,2100,2100,2100,-0.0,0.0,-8.0,20
392.7,445.75836083971905,669.7246517218074,76.9814056574387,1.57,2.03,2100,2100,2100,2100,-0.0,0.0,-8.0,20
392.8,445.75836083971905,669.7246517218074,76.1814056574387,1.57,2.03,2100,2100,2100,2100,-0.0,0.0,-8.0,20
392.9,445.75836083971905,669.7246517218074,75.3814056574387,1.57,2.03,2100,2100,2100,2100,-0.0,0.0,-8.0,20
393.0,445.75836083971905,669.7246517218074,74.58140565743871,1.57,2.03,2100,2100,2100,2100,-0.0,0.0,-8.0,20
393.1,445.75836083971905,669.7246517218074,73.78140565743871,1.57,2.03,2100,2100,2100,2100,-0.0,0.0,-8.0,20
393.2,445.75836083971905,669.7246517218074,72.98140565743871,1.57,2.03,2100,2100,2100,2100,-0.0,0.0,-8.0,20
393.3,445.75836083971905,669.7246517218074,72.18140565743872,1.57,2.03,2100,2100,2100,2100,-0.0,0.0,-8.0,20
393.4,445.75836083971905,669.7246517218074,71.38140565743872,1.57,2.03,2100,2100,2100,2100,-0.0,0.0,-8.0,20
393.5,445.75836083971905,669.7246517218074,70.58140565743872,1.57,2.03,2100,2100,2100,2100,-0.0,0.0,-8.0,20
393.6,445.75836083971905,669.7246517218074,69.78140565743873,1.57,2.03,2100,2100,2100,2100,-0.0,0.0,-8.0,20
393.7,445.75836083971905,669.7246517218074,68.98140565743873,1.57,2.03,2100,2100,2100,2100,-0.0,0.0,-8.0,20
393.8,445.75836083971905,669.7246517218074,68.18140565743873,1.57,2.03,2100,2100,2100,2100,-0.0,0.0,-8.0,20
393.9,445.75836083971905,669.7246517218074,67.38140565743873,1.57,2.03,2100,2100,2100,2100,-0.0,0.0,-8.0,20
394.0,445.75836083971905,669.7246517218074,66.58140565743874,1.57,2.03,2100,2100,2100,2100,-0.0,0.0,-8.0,20
394.1,445.75836083971905,669.7246517218074,65.78140565743874,1.57,2.03,2100,2100,2100,2100,-0.0,0.0,-8.0,20
394.2,445.75836083971905,669.7246517218074,64.98140565743874,1.57,2.03,2100,2100,2100,2100,-0.0,0.0,-8.0,20
394.3,445.75836083971905,669.7246517218074,64.18140565743875,1.57,2.03,2100,2100,2100,2100,-0.0,0.0,-8.0,20
394.4,445.75836083971905,669.7246517218074,63.38140565743875,1.57,2.03,2100,2100,2100,2100,-0.0,0.0,-8.0,20
394.5,445.75836083971905,669.7246517218074,62.58140565743875,1.57,2.03,2100,2100,2100,2100,-0.0,0.0,-8.0,20
394.6,445.75836083971905,669.7246517218074,61.781405657438754,1.57,2.03,2100,2100,2100,2100,-0.0,0.0,-8.0,20
394.7,445.75836083971905,669.7246517218074,60.981405657438756,1.57,2.03,2100,2100,2100,2100,-0.0,0.0,-8.0,20
394.8,445.75836083971905,669.7246517218074,60.18140565743876,1.57,2.03,2100,2100,2100,2100,-0.0,0.0,-8.0,20
394.9,445.75836083971905,669.7246517218074,59.38140565743876,1.57,2.03,2100,2100,2100,2100,-0.0,0.0,-8.0,20
395.0,445.75836083971905,669.7246517218074,58.581405657438765,1.57,2.03,2100,2100,2100,2100,-0.0,0.0,-8.0,20
395.1,445.75836083971905,669.7246517218074,57.78140565743877,1.57,2.03,2100,2100,2100,2100,-0.0,0.0,-8.0,20
395.2,445.75836083971905,669.7246517218074,56.98140565743877,1.57,2.03,2100,2100,2100,2100,-0.0,0.0,-8.0,20
395.3,445.75836083971905,669.7246517218074,56.18140565743877,1.57,2.03,2100,2100,2100,2100,-0.0,0.0,-8.0,20
395.4,445.75836083971905,669.7246517218074,55.385065347632846,1.57,2.03,2100,2100,2100,2100,-0.0,0.0,-7.96,20
395.5,445.75836083971905,669.7246517218074,54.63119652101657,1.57,2.03,2100,2100,2100,2100,-0.0,0.0,-7.54,20
395.6,445.75836083971905,669.7246517218074,53.91753403181983,1.57,2.03,2100,2100,2100,2100,-0.0,0.0,-7.14,20
395.7,445.75836083971905,669.7246517218074,53.241933542046915,1.57,2.03,2100,2100,2100,2100,-0.0,0.0,-6.76,20
395.8,445.75836083971905,669.7246517218074,52.60236507839522,1.57,2.03,2100,2100,2100,2100,-0.0,0.0,-6.4,20
395.9,445.75836083971905,669.7246517218074,51.996906932804954,1.57,2.03,2100,2100,2100,2100,-0.0,0.0,-6.05,20
396.0,445.75836083971905,669.7246517218074,51.42373988831283,1.57,2.03,2100,2100,2100,2100,-0.0,0.0,-5.73,20
396.1,445.75836083971905,669.7246517218074,50.88114175286029,1.57,2.03,2100,2100,2100,2100,-0.0,0.0,-5.43,20
396.2,445.75836083971905,669.7246517218074,50.36748218463188,1.57,2.03,2100,2100,2100,2100,-0.0,0.0,-5.14,20
396.3,445.75836083971905,669.7246517218074,49.88121779337566,1.57,2.03,2100,2100,2100,2100,-0.0,0.0,-4.86,20
396.4,445.75836083971905,669.7246517218074,49.42088750298644,1.57,2.03,2100,2100,2100,2100,-0.0,0.0,-4.6,20
396.5,445.75836083971905,669.7246517218074,48.985108161417976,1.57,2.03,2100,2100,2100,2100,-0.0,0.0,-4.36,20
396.6,445.75836083971905,669.7246517218074,48.57257038473316,1.57,2.03,2100,2100,2100,2100,-0.0,0.0,-4.13,20
396.7,445.75836083971905,669.7246517218074,48.18203462280487,1.57,2.03,2100,2100,2100,2100,-0.0,0.0,-3.91,20
396.8,445.75836083971905,669.7246517218074,47.81232743484609,1.57,2.03,2100,2100,2100,2100,-0.0,0.0,-3.7,20
396.9,445.75836083971905,669.7246517218074,47.46233796357844,1.57,2.03,2100,2100,2100,2100,-0.0,0.0,-3.5,20
397.0,445.75836083971905,669.7246517218074,47.131014597445066,1.57,2.03,2100,2100,2100,2100,-0.0,0.0,-3.31,20
397.1,445.75836083971905,669.7246517218074,46.817361810838804,1.57,2.03,2100,2100,2100,2100,-0.0,0.0,-3.14,20
397.2,445.75836083971905,669.7246517218074,46.520437172851544,1.57,2.03,2100,2100,2100,2100,-0.0,0.0,-2.97,20
397.3,445.75836083971905,669.7246517218074,46.23934851555694,1.57,2.03,2100,2100,2100,2100,-0.0,0.0,-2.81,20
397.4,445.75836083971905,669.7246517218074,45.97325125331805,1.57,2.03,2100,2100,2100,2100,-0.0,0.0,-2.66,20
397.5,445.75836083971905,669.7246517218074,45.72134584506523,1.57,2.03,2100,2100,2100,2100,-0.0,0.0,-2.52,20
397.6,445.75836083971905,669.7246517218074,45.48287539191923,1.57,2.03,2100,2100,2100,2100,-0.0,0.0,-2.38,20
397.7,445.75836083971905,669.7246517218074,45.257123362941016,1.57,2.03,2100,2100,2100,2100,-0.0,0.0,-2.26,20
397.8,445.75836083971905,669.7246517218074,45.04341144217497,1.57,2.03,2100,2100,2100,2100,-0.0,0.0,-2.14,20
397.9,445.75836083971905,669.7246517218074,44.841097490516454,1.57,2.03,2160,2160,2160,2160,-0.0,0.0,-2.02,20
398.0,445.75836083971905,669.7246517218074,44.64957361627972,1.57,2.03,2106,2106,2106,2106,-0.0,0.0,-1.92,20
398.1,445.75836083971905,669.7246517218074,44.468264348668946,1.57,2.03,2166,2166,2166,2166,-0.0,0.0,-1.81,20
398.2,445.75836083971905,669.7246517218074,44.29662490866408,1.57,2.03,2226,2226,2226,2226,-0.0,0.0,-1.72,20
398.3,445.75836083971905,669.7246517218074,44.13413957212614,1.57,2.03,2256,2256,2256,2256,-0.0,0.0,-1.62,20
398.4,445.75836083971905,669.7246517218074,43.98032012020356,1.57,2.03,2261,2261,2261,2261,-0.0,0.0,-1.54,20
398.5,445.75836083971905,669.7246517218074,43.83470437238351,1.57,2.03,2321,2321,2321,2321,-0.0,0.0,-1.46,20
398.6,445.75836083971905,669.7246517218074,43.69685479778054,1.57,2.03,2261,2261,2261,2261,-0.0,0.0,-1.38,20
398.7,445.75836083971905,669.7246517218074,43.56635720048972,1.57,2.03,2321,2321,2321,2321,-0.0,0.0,-1.3,20
398.8,445.75836083971905,669.7246517218074,43.442819475054414,1.57,2.03,2381,2381,2381,2381,-0.0,0.0,-1.24,20
398.9,445.75836083971905,669.7246517218074,43.32587042830899,1.57,2.03,2321,2321,2321,2321,-0.0,0.0,-1.17,20
399.0,445.75836083971905,669.7246517218074,43.21515866405665,1.57,2.03,2381,2381,2381,2381,-0.0,0.0,-1.11,20
399.1,445.9127419844784,669.5975043185982,43.45236936929497,-0.15,-0.69,2441,2441,2441,2441,1.54,-1.27,2.37,20
399.2,446.09799935818955,669.4449274347472,43.708556930952355,-0.15,-0.69,2501,2501,2501,2501,1.85,-1.53,2.56,20
399.3,446.32030820664295,669.2618351741261,43.985239497542324,-0.15,-0.69,2561,2561,2561,2561,2.22,-1.83,2.77,20
399.4,446.58707882478706,669.0421244613807,44.284056669459495,-0.15,-0.69,2621,2621,2621,2621,2.67,-2.2,2.99,20
399.5,446.90720356656,668.7784716060862,44.60677921513004,-0.15,-0.69,2681,2681,2681,2681,3.2,-2.64,3.23,20
399.6,447.2913532566875,668.4620881797329,44.95531956445423,-0.15,-0.69,2741,2741,2741,2741,3.84,-3.16,3.49,20
399.7,447.7523328848405,668.0824280681088,45.33174314172435,-0.15,-0.69,2801,2801,2801,2801,4.61,-3.8,3.76,20
399.8,448.3055084386241,667.6268359341599,45.73828060517609,-0.15,-0.69,2861,2861,2861,2861,5.53,-4.56,4.07,20
399.9,448.9693191031644,667.0801253734212,46.177341065703956,-0.15,-0.69,2921,2921,2921,2921,6.64,-5.47,4.39,20
400.0,449.7658919006128,666.4240727005348,46.651526363074055,-0.15,-0.69,2981,2981,2981,2981,7.97,-6.56,4.74,20
400.1,450.72177925755085,665.6368094930712,47.163646484233766,-0.14,-0.69,3041,3041,3041,3041,9.56,-7.87,5.12,20
400.2,451.8688440858765,664.6920936441147,47.71673621508625,-0.14,-0.69,3101,3101,3101,3101,11.47,-9.45,5.53,20
400.3,453.2453218798673,663.558434625367,48.31407312440693,-0.14,-0.69,3161,3161,3161,3161,13.76,-11.34,5.97,20
400.4,454.7891333274599,662.2869605932759,48.95919698647327,-0.14,-0.69,3221,3221,3221,3221,15.44,-12.71,6.45,20
400.5,456.33294477505257,661.0154865611848,49.65593075750492,-0.14,-0.69,3281,3281,3281,3281,15.44,-12.71,6.97,20
400.6,457.8767562226452,659.7440125290938,50.40840323021909,-0.14,-0.69,3341,3341,3341,3341,15.44,-12.71,7.52,20
400.7,459.42056767023786,658.4725384970027,51.20840323021909,-0.14,-0.69,3401,3401,3401,3401,15.44,-12.71,8.0,20
400.8,460.9643791178305,657.2010644649116,52.00840323021909,-0.14,-0.69,3461,3461,3461,3461,15.44,-12.71,8.0,20
400.9,462.50819056542315,655.9295904328205,52.808403230219085,-0.14,-0.69,3521,3521,3521,3521,15.44,-12.71,8.0,20
401.0,464.0520020130158,654.6581164007295,53.60840323021908,-0.14,-0.69,3581,3581,3581,3581,15.44,-12.71,8.0,20
401.1,465.59581346060844,653.3866423686384,54.40840323021908,-0.14,-0.69,3641,3641,3641,3641,15.44,-12.71,8.0,20
401.2,467.1396249082011,652.1151683365473,55.208403230219076,-0.14,-0.69,3701,3701,3701,3701,15.44,-12.71,8.0,20
401.3,468.68343635579373,650.8436943044562,56.00840323021907,-0.14,-0.69,3761,3761,3761,3761,15.44,-12.71,8.0,20
401.4,470.2272478033864,649.5722202723651,56.80840323021907,-0.13,-0.69,3821,3821,3821,3821,15.44,-12.71,8.0,20
401.5,471.771059250979,648.3007462402741,57.60840323021907,-0.13,-0.69,3881,3881,3881,3881,15.44,-12.71,8.0,20
401.6,473.31487069857167,647.029272208183,58.408403230219065,-0.13,-0.69,3941,3941,3941,3941,15.44,-12.71,8.0,20
401.7,474.8586821461643,645.7577981760919,59.20840323021906,-0.13,-0.69,4001,4001,4001,4001,15.44,-12.71,8.0,20
401.8,476.40249359375696,644.4863241440008,60.00840323021906,-0.13,-0.69,4061,4061,4061,4061,15.44,-12.71,8.0,20
401.9,477.9463050413496,643.2148501119098,60.80840323021906,-0.13,-0.69,4121,4121,4121,4121,15.44,-12.71,8.0,20
402.0,479.49011648894225,641.9433760798187,61.608403230219054,-0.13,-0.69,4181,4181,4181,4181,15.44,-12.71,8.0,20
402.1,481.0339279365349,640.6719020477276,62.40840323021905,-0.13,-0.69,4241,4241,4241,4241,15.44,-12.71,8.0,20
402.2,482.57773938412754,639.4004280156365,63.20840323021905,-0.13,-0.69,4301,4301,4301,4301,15.44,-12.71,8.0,20
402.3,484.1215508317202,638.1289539835454,64.00840323021905,-0.13,-0.69,4361,4361,4361,4361,15.44,-12.71,8.0,20
402.4,485.66536227931283,636.8574799514544,64.80840323021904,-0.12,-0.69,4421,4421,4421,4421,15.44,-12.71,8.0,20
402.5,487.2091737269055,635.5860059193633,65.60840323021904,-0.12,-0.69,4481,4481,4481,4481,15.44,-12.71,8.0,20
402.6,488.7529851744981,634.3145318872722,66.40840323021904,-0.12,-0.69,4541,4541,4541,4541,15.44,-12.71,8.0,20
402.7,490.29679662209077,633.0430578551811,67.20840323021903,-0.12,-0.69,4601,4601,4601,4601,15.44,-12.71,8.0,20
402.8,491.8406080696834,631.77158382309,68.00840323021903,-0.12,-0.69,4661,4661,4661,4661,15.44,-12.71,8.0,20
402.9,493.38441951727606,630.500109790999,68.80840323021903,-0.12,-0.69,4721,4721,4721,4721,15.44,-12.71,8.0,20
403.0,494.9282309648687,629.2286357589079,69.60840323021903,-0.12,-0.69,4781,4781,4781,4781,15.44,-12.71,8.0,20
403.1,496.47204241246135,627.9571617268168,70.40840323021902,-0.12,-0.69,4841,4841,4841,4841,15.44,-12.71,8.0,20
403.2,498.015853860054,626.6856876947257,71.20840323021902,-0.12,-0.69,4901,4901,4901,4901,15.44,-12.71,8.0,20
403.3,499.55966530764664,625.4142136626347,72.00840323021902,-0.12,-0.69,4961,4961,4961,4961,15.44,-12.71,8.0,20
403.4,501.1034767552393,624.1427396305436,72.80840323021901,-0.11,-0.69,5000,5000,5000,5000,15.44,-12.71,8.0,20
403.5,502.64728820283193,622.8712655984525,73.60840323021901,-0.11,-0.69,5000,5000,5000,5000,15.44,-12.71,8.0,20
403.6,504.1910996504246,621.5997915663614,74.40840323021901,-0.11,-0.69,5000,5000,5000,5000,15.44,-12.71,8.0,20
403.7,505.7349110980172,620.3283175342704,75.208403230219,-0.11,-0.69,5000,5000,5000,5000,15.44,-12.71,8.0,20
403.8,507.27872254560987,619.0568435021793,76.008403230219,-0.11,-0.69,5000,5000,5000,5000,15.44,-12.71,8.0,20
403.9,508.8225339932025,617.7853694700882,76.808403230219,-0.11,-0.69,5000,5000,5000,5000,15.44,-12.71,8.0,20
404.0,510.36634544079516,616.5138954379971,77.608403230219,-0.11,-0.69,5000,5000,5000,5000,15.44,-12.71,8.0,20
404.1,511.9101568883878,615.242421405906,78.408403230219,-0.11,-0.69,5000,5000,5000,5000,15.44,-12.71,8.0,20
404.2,513.4539683359804,613.970947373815,79.20840323021899,-0.11,-0.69,5000,5000,5000,5000,15.44,-12.71,8.0,20
404.3,514.997779783573,612.6994733417239,80.00840323021899,-0.1,-0.69,5000,5000,5000,5000,15.44,-12.71,8.0,20
404.4,516.5415912311656,611.4279993096328,80.80840323021899,-0.1,-0.69,5000,5000,5000,5000,15.44,-12.71,8.0,20
404.5,518.0854026787582,610.1565252775417,81.60840323021898,-0.1,-0.69,5000,5000,5000,5000,15.44,-12.71,8.0,20
404.6,519.6292141263508,608.8850512454507,82.40840323021898,-0.1,-0.69,5000,5000,5000,5000,15.44,-12.71,8.0,20
404.7,521.1730255739434,607.6135772133596,83.20840323021898,-0.1,-0.69,5000,5000,5000,5000,15.44,-12.71,8.0,20
404.8,522.716837021536,606.3421031812685,84.00840323021897,-0.1,-0.69,5000,5000,5000,5000,15.44,-12.71,8.0,20
404.9,524.2606484691286,605.0706291491774,84.80840323021897,-0.1,-0.69,5000,5000,5000,5000,15.44,-12.71,8.0,20
405.0,525.8044599167212,603.7991551170863,85.60840323021897,-0.1,-0.69,5000,5000,5000,5000,15.44,-12.71,8.0,20
405.1,527.3482713643137,602.5276810849953,86.40840323021897,-0.09,-0.69,5000,5000,5000,5000,15.44,-12.71,8.0,20
405.2,528.8920828119063,601.2562070529042,87.20840323021896,-0.09,-0.69,5000,5000,5000,5000,15.44,-12.71,8.0,20
405.3,530.4358942594989,599.9847330208131,88.00840323021896,-0.09,-0.69,5000,5000,5000,5000,15.44,-12.71,8.0,20
405.4,531.9797057070915,598.713258988722,88.80840323021896,-0.09,-0.69,5000,5000,5000,5000,15.44,-12.71,8.0,20
405.5,533.5235171546841,597.441784956631,89.60840323021895,-0.09,-0.69,5000,5000,5000,5000,15.44,-12.71,8.0,20
405.6,535.0673286022767,596.1703109245399,90.40840323021895,-0.09,-0.69,5000,5000,5000,5000,15.44,-12.71,8.0,20
405.7,536.6111400498693,594.8988368924488,91.20840323021895,-0.09,-0.69,5000,5000,5000,5000,15.44,-12.71,8.0,20
405.8,538.1549514974619,593.6273628603577,92.00840323021895,-0.09,-0.69,5000,5000,5000,5000,15.44,-12.71,8.0,20
405.9,539.6987629450545,592.3558888282666,92.80840323021894,-0.08,-0.69,5000,5000,5000,5000,15.44,-12.71,8.0,20
406.0,541.242574392647,591.0844147961756,93.60840323021894,-0.08,-0.69,5000,5000,5000,5000,15.44,-12.71,8.0,20
406.1,542.7863858402396,589.8129407640845,94.40840323021894,-0.08,-0.69,5000,5000,5000,5000,15.44,-12.71,8.0,20
406.2,544.3301972878322,588.5414667319934,95.20840323021893,-0.08,-0.69,5000,5000,5000,5000,15.44,-12.71,8.0,20
406.3,545.8740087354248,587.2699926999023,96.00840323021893,-0.08,-0.69,5000,5000,5000,5000,15.44,-12.71,8.0,20
406.4,547.4178201830174,585.9985186678113,96.80840323021893,-0.08,-0.69,5000,5000,5000,5000,15.44,-12.71,8.0,20
406.5,548.96163163061,584.7270446357202,97.60840323021893,-0.08,-0.69,5000,5000,5000,5000,15.44,-12.71,8.0,20
406.6,550.5054430782026,583.4555706036291,98.40840323021892,-0.07,-0.69,5000,5000,5000,5000,15.44,-12.71,8.0,20
406.7,552.0492545257952,582.184096571538,99.20840323021892,-0.07,-0.69,5000,5000,5000,5000,15.44,-12.71,8.0,20
406.8,553.5930659733878,580.9126225394469,100.00840323021892,-0.07,-0.69,5000,5000,5000,5000,15.44,-12.71,8.0,20
406.9,555.1368774209803,579.6411485073559,100.80840323021891,-0.07,-0.69,5000,5000,5000,5000,15.44,-12.71,8.0,20
407.0,556.6806888685729,578.3696744752648,101.60840323021891,-0.07,-0.69,5000,5000,5000,5000,15.44,-12.71,8.0,20
407.1,558.2245003161655,577.0982004431737,102.40840323021891,-0.07,-0.69,5000,5000,5000,5000,15.44,-12.71,8.0,20
407.2,559.7683117637581,575.8267264110826,103.2084032302189,-0.07,-0.69,5000,5000,5000,5000,15.44,-12.71,8.0,20
407.3,561.3121232113507,574.5552523789916,104.0084032302189,-0.06,-0.69,5000,5000,5000,5000,15.44,-12.71,8.0,20
407.4,562.8559346589433,573.2837783469005,104.8084032302189,-0.06,-0.69,5000,5000,5000,5000,15.44,-12.71,8.0,20
407.5,564.3997461065359,572.0123043148094,105.6084032302189,-0.06,-0.69,5000,5000,5000,5000,15.44,-12.71,8.0,20
407.6,565.9435575541285,570.7408302827183,106.4084032302189,-0.06,-0.69,5000,5000,5000,5000,15.44,-12.71,8.0,20
407.7,567.487369001721,569.4693562506272,107.20840323021889,-0.06,-0.69,5000,5000,5000,5000,15.44,-12.71,8.0,20
407.8,569.0311804493136,568.1978822185362,108.00840323021889,-0.06,-0.69,5000,5000,5000,5000,15.44,-12.71,8.0,20
407.9,570.5749918969062,566.9264081864451,108.80840323021889,-0.05,-0.69,5000,5000,5000,5000,15.44,-12.71,8.0,20
408.0,572.1188033444988,565.654934154354,109.60840323021888,-0.05,-0.69,5000,5000,5000,5000,15.44,-12.71,8.0,20
408.1,573.6626147920914,564.3834601222629,110.40840323021888,-0.05,-0.69,5000,5000,5000,5000,15.44,-12.71,8.0,20
408.2,575.206426239684,563.1119860901719,111.20840323021888,-0.05,-0.69,5000,5000,5000,5000,15.44,-12.71,8.0,20
408.3,576.7502376872766,561.8405120580808,112.00840323021887,-0.05,-0.69,5000,5000,5000,5000,15.44,-12.71,8.0,20
408.4,578.2940491348692,560.5690380259897,112.80840323021887,-0.05,-0.69,5000,5000,5000,5000,15.44,-12.71,8.0,20
408.5,579.8378605824618,559.2975639938986,113.60840323021887,-0.04,-0.69,5000,5000,5000,5000,15.44,-12.71,8.0,20
408.6,581.3816720300543,558.0260899618075,114.40840323021887,-0.04,-0.69,5000,5000,5000,5000,15.44,-12.71,8.0,20
408.7,582.9254834776469,556.7546159297165,115.20840323021886,-0.04,-0.69,5000,5000,5000,5000,15.44,-12.71,8.0,20
408.8,584.4692949252395,555.4831418976254,116.00840323021886,-0.04,-0.69,5000,5000,5000,5000,15.44,-12.71,8.0,20
408.9,586.0131063728321,554.2116678655343,116.80840323021886,-0.04,-0.69,5000,5000,5000,5000,15.44,-12.71,8.0,20
409.0,587.5569178204247,552.9401938334432,117.57341699384402,-0.04,-0.69,5000,5000,5000,5000,15.44,-12.71,7.65,20
409.1,589.1007292680173,551.6687198013522,118.29763002340918,-0.03,-0.69,5000,5000,5000,5000,15.44,-12.71,7.24,20
409.2,590.6445407156099,550.3972457692611,118.98321835806419,-0.03,-0.69,5000,5000,5000,5000,15.44,-12.71,6.86,20
409.3,592.1883521632025,549.12577173717,119.6322419815376,-0.03,-0.69,4940,4940,4940,4940,15.44,-12.71,6.49,20
409.4,593.732163610795,547.8542977050789,120.2466510117591,-0.03,-0.69,4880,4880,4880,4880,15.44,-12.71,6.14,20
409.5,595.2759750583876,546.5828236729878,120.82829156036878,-0.03,-0.69,4820,4820,4820,4820,15.44,-12.71,5.82,20
409.6,596.8197865059802,545.3113496408968,121.37891127971929,-0.03,-0.69,4760,4760,4760,4760,15.44,-12.71,5.51,20
409.7,598.3635979535728,544.0398756088057,121.90016461403776,-0.03,-0.69,4700,4700,4700,4700,15.44,-12.71,5.21,20
409.8,599.9074094011654,542.7684015767146,122.39361777052592,-0.02,-0.69,4640,4640,4640,4640,15.44,-12.71,4.93,20
409.9,601.451220848758,541.4969275446235,122.8607534253347,-0.02,-0.69,4580,4580,4580,4580,15.44,-12.71,4.67,20
410.0,602.9950322963506,540.2254535125325,123.3029751785537,-0.02,-0.69,4520,4520,4520,4520,15.44,-12.71,4.42,20
410.1,604.5388437439432,538.9539794804414,123.721611771601,-0.02,-0.69,4460,4460,4460,4460,15.44,-12.71,4.19,20
410.2,606.0826551915358,537.6825054483503,124.11792107968579,-0.02,-0.69,4400,4400,4400,4400,15.44,-12.71,3.96,20
410.3,607.6264666391284,536.4110314162592,124.49309389133938,-0.02,-0.69,4340,4340,4340,4340,15.44,-12.71,3.75,20
410.4,609.1702780867209,535.1395573841681,124.84825748637145,-0.02,-0.69,4280,4280,4280,4280,15.44,-12.71,3.55,20
410.5,610.7140895343135,533.8680833520771,125.18447902300181,-0.02,-0.69,4220,4220,4220,4220,15.44,-12.71,3.36,20
410.6,612.2579009819061,532.596609319986,125.50276874434522,-0.02,-0.69,4160,4160,4160,4160,15.44,-12.71,3.18,20
410.7,613.8017124294987,531.3251352878949,125.80408301388364,-0.02,-0.69,4100,4100,4100,4100,15.44,-12.71,3.01,20
410.8,615.3455238770913,530.0536612558038,126.08932718904668,-0.01,-0.69,4040,4040,4040,4040,15.44,-12.71,2.85,20
410.9,616.8893353246839,528.7821872237128,126.35935834153436,-0.01,-0.69,3980,3980,3980,3980,15.44,-12.71,2.7,20
411.0,618.4331467722765,527.5107131916217,126.61498783255604,-0.01,-0.69,3920,3920,3920,3920,15.44,-12.71,2.56,20
411.1,619.9769582198691,526.2392391595306,126.85698375072322,-0.01,-0.69,3860,3860,3860,3860,15.44,-12.71,2.42,20
411.2,621.5207696674616,524.9677651274395,127.08607321992149,-0.01,-0.69,3800,3800,3800,3800,15.44,-12.71,2.29,20
411.3,623.0645811150542,523.6962910953484,127.30294458409584,-0.01,-0.69,3740,3740,3740,3740,15.44,-12.71,2.17,20
411.4,624.6083925626468,522.4248170632574,127.50824947551423,-0.01,-0.69,3680,3680,3680,3680,15.44,-12.71,2.05,20
411.5,626.1522040102394,521.1533430311663,127.70260477272365,-0.01,-0.69,3620,3620,3620,3620,15.44,-12.71,1.94,20
411.6,627.696015457832,519.8818689990752,127.88659445408189,-0.01,-0.69,3560,3560,3560,3560,15.44,-12.71,1.84,20
411.7,629.2398269054246,518.6103949669841,128.06077135243436,-0.01,-0.69,3620,3620,3620,3620,15.44,-12.71,1.74,20
411.8,630.7836383530172,517.338920934893,128.22565881620804,-0.01,-0.69,3560,3560,3560,3560,15.44,-12.71,1.65,20
411.9,632.3274498006098,516.067446902802,128.38175228191378,-0.01,-0.69,3500,3500,3500,3500,15.44,-12.71,1.56,20
412.0,633.8712612482024,514.7959728707109,128.52952076278189,-0.01,-0.69,3509,3509,3509,3509,15.44,-12.71,1.48,20
412.1,635.415072695795,513.5244988386198,128.6694082580037,-0.01,-0.69,3449,3449,3449,3449,15.44,-12.71,1.4,20
412.2,636.9588841433875,512.2530248065287,128.80183508681367,-0.01,-0.69,3491,3491,3491,3491,15.44,-12.71,1.32,20
412.3,638.5026955909801,510.98155077443766,128.92719915142044,-0.01,-0.69,3431,3431,3431,3431,15.44,-12.71,1.25,20
412.4,640.0465070385727,509.7100767423466,129.04587713258152,-0.01,-0.69,3371,3371,3371,3371,15.44,-12.71,1.19,20
412.5,641.5903184861653,508.4386027102555,129.158225621414,-0.01,-0.69,3431,3431,3431,3431,15.44,-12.71,1.12,20
412.6,643.1341299337579,507.16712867816443,129.2645821908421,-0.01,-0.69,3371,3371,3371,3371,15.44,-12.71,1.06,20
412.7,644.6779413813505,505.89565464607335,129.3652664099007,-0.01,-0.69,3344,3344,3344,3344,15.44,-12.71,1.01,20
412.8,646.2217528289431,504.6241806139823,129.46058080394283,-0.01,-0.69,3376,3376,3376,3376,15.44,-12.71,0.95,20
412.9,647.7655642765357,503.3527065818912,129.55081176363606,-0.01,-0.69,3316,3316,3316,3316,15.44,-12.71,0.9,20
413.0,649.3093757241282,502.0812325498001,129.63623040547898,-0.0,-0.69,3345,3345,3345,3345,15.44,-12.71,0.85,20
413.1,650.8531871717208,500.80975851770904,129.7170933864236,-0.0,-0.69,3285,3285,3285,3285,15.44,-12.71,0.81,20
413.2,652.3969986193134,499.53828448561796,129.7936436750512,-0.0,-0.69,3345,3345,3345,3345,15.44,-12.71,0.77,20
413.3,653.940810066906,498.2668104535269,129.86611128161863,-0.0,-0.69,3285,3285,3285,3285,15.44,-12.71,0.72,20
413.4,655.4846215144986,496.9953364214358,129.93471394916915,-0.0,-0.69,3231,3231,3231,3231,15.44,-12.71,0.69,20
413.5,657.0284329620912,495.72386238934473,129.99965780778362,-0.0,-0.69,3291,3291,3291,3291,15.44,-12.71,0.65,20
413.6,658.5722444096838,494.45238835725365,130.06113799393867,-0.0,-0.69,3231,3231,3231,3231,15.44,-12.71,0.61,20
413.7,660.1160558572764,493.1809143251626,130.1193392368321,-0.0,-0.69,3291,3291,3291,3291,15.44,-12.71,0.58,20
413.8,661.659867304869,491.9094402930715,130.1744364134379,-0.0,-0.69,3231,3231,3231,3231,15.44,-12.71,0.55,20
413.9,663.2036787524615,490.6379662609804,130.22659507395804,-0.0,-0.69,3210,3210,3210,3210,15.44,-12.71,0.52,20
414.0,664.7474902000541,489.36649222888934,130.27597193925044,-0.0,-0.69,3253,3253,3253,3253,15.44,-12.71,0.49,20
414.1,666.2913016476467,488.09501819679826,130.32271537172724,-0.0,-0.69,3193,3193,3193,3193,15.44,-12.71,0.47,20
414.2,667.8351130952393,486.8235441647072,130.36696582113862,-0.0,-0.69,3247,3247,3247,3247,15.44,-12.71,0.44,20
414.3,669.3789245428319,485.5520701326161,130.4088562465814,-0.0,-0.69,3187,3187,3187,3187,15.44,-12.71,0.42,20
414.4,670.9227359904245,484.28059610052503,130.44851251600056,-0.0,-0.69,3206,3206,3206,3206,15.44,-12.71,0.4,20
414.5,672.4665474380171,483.00912206843395,130.48605378438404,-0.0,-0.69,3146,3146,3146,3146,15.44,-12.71,0.38,20
414.6,674.0103588856097,481.7376480363429,130.52159285178706,-0.0,-0.69,3206,3206,3206,3206,15.44,-12.71,0.36,20
414.7,675.5541703332023,480.4661740042518,130.55523650226192,-0.0,-0.69,3146,3146,3146,3146,15.44,-12.71,0.34,20
414.8,677.0979817807948,479.1946999721607,130.58708582471147,-0.0,-0.69,3206,3206,3206,3206,15.44,-12.71,0.32,20
414.9,678.6417932283874,477.92322594006964,130.61723651663036,-0.0,-0.69,3146,3146,3146,3146,15.44,-12.71,0.3,20
415.0,680.18560467598,476.65175190797856,130.64577917164692,-0.0,-0.69,3206,3206,3206,3206,15.44,-12.71,0.29,20
415.1,681.7294161235726,475.3802778758875,130.67279955172927,-0.0,-0.69,3146,3146,3146,3146,15.44,-12.71,0.27,20
415.2,683.2732275711652,474.1088038437964,130.69837884487387,-0.0,-0.69,3168,3168,3168,3168,15.44,-12.71,0.26,20
415.3,684.8170390187578,472.83732981170533,130.72259390905077,-0.0,-0.69,3108,3108,3108,3108,15.44,-12.71,0.24,20
415.4,686.3608504663504,471.56585577961425,130.74551750313825,-0.0,-0.69,3168,3168,3168,3168,15.44,-12.71,0.23,20
415.5,687.904661913943,470.2943817475232,130.76721850554105,-0.0,-0.69,3108,3108,3108,3108,15.44,-12.71,0.22,20
415.6,689.4484733615355,469.0229077154321,130.78776212114903,-0.0,-0.69,3168,3168,3168,3168,15.44,-12.71,0.21,20
415.7,690.9922848091281,467.751433683341,130.8072100772579,-0.0,-0.69,3108,3108,3108,3108,15.44,-12.71,0.19,20
415.8,692.5360962567207,466.47995965124994,130.825620809041,-0.0,-0.69,3168,3168,3168,3168,15.44,-12.71,0.18,20
415.9,694.0799077043133,465.20848561915886,130.84304963512898,-0.0,-0.69,3108,3108,3108,3108,15.44,-12.71,0.17,20
416.0,695.6237191519059,463.9370115870678,130.8595489238256,-0.0,-0.69,3168,3168,3168,3168,15.44,-12.71,0.16,20
416.1,697.1675305994985,462.6655375549767,130.87516825045842,-0.0,-0.69,3108,3108,3108,3108,15.44,-12.71,0.16,20
416.2,698.7113420470911,461.39406352288563,130.88995454633746,-0.0,-0.69,3164,3164,3164,3164,15.44,-12.71,0.15,20
416.3,700.2551534946837,460.12258949079455,130.90395223976964,-0.0,-0.69,3104,3104,3104,3104,15.44,-12.71,0.14,20
416.4,701.7989649422763,458.8511154587035,130.9172033895521,-0.0,-0.69,3158,3158,3158,3158,15.44,-12.71,0.13,20
416.5,703.3427763898688,457.5796414266124,130.92974781134615,-0.0,-0.69,3098,3098,3098,3098,15.44,-12.71,0.13,20
416.6,704.8865878374614,456.3081673945213,130.9416231973112,-0.0,-0.69,3158,3158,3158,3158,15.44,-12.71,0.12,20
416.7,706.430399285054,455.03669336243024,130.9528652293581,-0.0,-0.69,3098,3098,3098,3098,15.44,-12.71,0.11,20
416.8,707.9742107326466,453.76521933033916,130.9635076863625,-0.0,-0.69,3142,3142,3142,3142,15.44,-12.71,0.11,20
416.9,709.5180221802392,452.4937452982481,130.97358254566,-0.0,-0.69,3082,3082,3082,3082,15.44,-12.71,0.1,20
417.0,711.0618336278318,451.222271266157,130.98312007912833,-0.0,-0.69,3142,3142,3142,3142,15.44,-12.71,0.1,20
417.1,712.6056450754244,449.95079723406593,130.992148944145,-0.0,-0.69,3082,3082,3082,3082,15.44,-12.71,0.09,20
417.2,714.149456523017,448.67932320197485,131.0006962696941,-0.0,-0.69,3142,3142,3142,3142,15.44,-12.71,0.09,20
417.3,715.6932679706096,447.4078491698838,131.00878773788057,-0.0,-0.69,3082,3082,3082,3082,15.44,-12.71,0.08,20
417.4,717.2370794182021,446.1363751377927,131.01644766109712,-0.0,-0.69,3142,3142,3142,3142,15.44,-12.71,0.08,20
417.5,718.7808908657947,444.8649011057016,131.02369905507544,-0.0,-0.69,3082,3082,3082,3082,15.44,-12.71,0.07,20
417.6,720.3247023133873,443.59342707361054,131.0305637080416,-0.0,-0.69,3142,3142,3142,3142,15.44,-12.71,0.07,20
417.7,721.8685137609799,442.32195304151946,131.03706224618287,-0.0,-0.69,3082,3082,3082,3082,15.44,-12.71,0.06,20
417.8,723.4123252085725,441.0504790094284,131.04321419562328,-0.0,-0.69,3142,3142,3142,3142,15.44,-12.71,0.06,20
417.9,724.9561366561651,439.7790049773373,131.04903804109355,-0.0,-0.69,3082,3082,3082,3082,15.44,-12.71,0.06,20
418.0,726.4999481037577,438.50753094524623,131.05455128147207,-0.0,-0.69,3135,3135,3135,3135,15.44,-12.71,0.06,20
418.1,728.0437595513503,437.23605691315515,131.05977048236375,-0.0,-0.69,3075,3075,3075,3075,15.44,-12.71,0.05,20
418.2,729.5875709989429,435.9645828810641,131.06471132587453,-0.0,-0.69,3135,3135,3135,3135,15.44,-12.71,0.05,20
418.3,731.1313824465354,434.693108848973,131.0693886577314,-0.0,-0.69,3075,3075,3075,3075,15.44,-12.71,0.05,20
418.4,732.675193894128,433.4216348168819,131.07381653188924,-0.0,-0.69,3135,3135,3135,3135,15.44,-12.71,0.04,20
418.5,734.2190053417206,432.15016078479084,131.07800825275865,-0.0,-0.69,3075,3075,3075,3075,15.44,-12.71,0.04,20
418.6,735.7628167893132,430.87868675269976,131.08197641518169,-0.0,-0.69,3135,3135,3135,3135,15.44,-12.71,0.04,20
418.7,737.3066282369058,429.6072127206087,131.0857329422755,-0.0,-0.69,3075,3075,3075,3075,15.44,-12.71,0.04,20
418.8,738.8504396844984,428.3357386885176,131.08928912125765,-0.0,-0.69,3134,3134,3134,3134,15.44,-12.71,0.04,20
418.9,740.394251132091,427.06426465642653,131.09265563736074,-0.0,-0.69,3074,3074,3074,3074,15.44,-12.71,0.03,20
419.0,741.9380625796836,425.79279062433545,131.09584260593834,-0.0,-0.69,3133,3133,3133,3133,15.44,-12.71,0.03,20
419.1,743.4818740272761,424.5213165922444,131.09885960285848,-0.0,-0.69,3073,3073,3073,3073,15.44,-12.71,0.03,20
419.2,745.0256854748687,423.2498425601533,131.1017156932762,-0.0,-0.69,3132,3132,3132,3132,15.44,-12.71,0.03,20
419.3,746.5694969224613,421.9783685280622,131.10441945887163,-0.0,-0.69,3072,3072,3072,3072,15.44,-12.71,0.03,20
419.4,748.1133083700539,420.70689449597114,131.10697902363532,-0.0,-0.69,3130,3130,3130,3130,15.44,-12.71,0.03,20
419.5,749.6571198176465,419.43542046388006,131.10940207827826,-0.0,-0.69,3070,3070,3070,3070,15.44,-12.71,0.02,20
419.6,751.2009312652391,418.163946431789,131.11169590334026,-0.0,-0.69,3130,3130,3130,3130,15.44,-12.71,0.02,20
419.7,752.7447427128317,416.8924723996979,131.1138673910656,-0.0,-0.69,3070,3070,3070,3070,15.44,-12.71,0.02,20
419.8,754.2885541604243,415.62099836760683,131.1159230661123,-0.0,-0.69,3130,3130,3130,3130,15.44,-12.71,0.02,20
419.9,755.8323656080169,414.34952433551575,131.11786910515647,-0.0,-0.69,3070,3070,3070,3070,15.44,-12.71,0.02,20
420.0,757.3761770556094,413.0780503034247,131.11971135545164,-0.0,-0.69,3129,3129,3129,3129,15.44,-12.71,0.02,20
420.1,758.919988503202,411.8065762713336,131.12145535239773,-0.0,-0.69,3069,3069,3069,3069,15.44,-12.71,0.02,20
420.2,760.4637999507946,410.5351022392425,131.12310633617335,-0.0,-0.69,3129,3129,3129,3129,15.44,-12.71,0.02,20
420.3,762.0076113983872,409.26362820715144,131.12466926748095,-0.0,-0.69,3069,3069,3069,3069,15.44,-12.71,0.02,20
420.4,763.5514228459798,407.99215417506036,131.12614884245215,-0.0,-0.69,3129,3129,3129,3129,15.44,-12.71,0.01,20
420.5,765.0952342935724,406.7206801429693,131.1275495067582,-0.0,-0.69,3069,3069,3069,3069,15.44,-12.71,0.01,20
420.6,766.639045741165,405.4492061108782,131.12887546896795,-0.0,-0.69,3127,3127,3127,3127,15.44,-12.71,0.01,20
420.7,768.1828571887576,404.17773207878713,131.13013071319315,-0.0,-0.69,3067,3067,3067,3067,15.44,-12.71,0.01,20
420.8,769.7266686363502,402.90625804669605,131.1313190110597,-0.0,-0.69,3127,3127,3127,3127,15.44,-12.71,0.01,20
420.9,771.2704800839427,401.634784014605,131.13244393304004,-0.0,-0.69,3067,3067,3067,3067,15.44,-12.71,0.01,20
421.0,772.8142915315353,400.3633099825139,131.1335088591814,-0.0,-0.69,3127,3127,3127,3127,15.44,-12.71,0.01,20
421.1,774.3581029791279,399.0918359504228,131.1345169892619,-0.0,-0.69,3067,3067,3067,3067,15.44,-12.71,0.01,20
421.2,775.9019144267205,397.82036191833174,131.13547135240478,-0.0,-0.69,3127,3127,3127,3127,15.44,-12.71,0.01,20
421.3,777.4457258743131,396.54888788624066,131.13637481618002,-0.0,-0.69,3067,3067,3067,3067,15.44,-12.71,0.01,20
421.4,778.9895373219057,395.2774138541496,131.1372300952206,-0.0,-0.69,3127,3127,3127,3127,15.44,-12.71,0.01,20
421.5,780.5333487694983,394.0059398220585,131.13803975937898,-0.0,-0.69,3067,3067,3067,3067,15.44,-12.71,0.01,20
421.6,782.0771602170909,392.73446578996743,131.13880624144895,-0.0,-0.69,3126,3126,3126,3126,15.44,-12.71,0.01,20
421.7,783.6209716646835,391.46299175787635,131.1395318444752,-0.0,-0.69,3066,3066,3066,3066,15.44,-12.71,0.01,20
421.8,785.164783112276,390.1915177257853,131.14021874867333,-0.0,-0.69,3126,3126,3126,3126,15.44,-12.71,0.01,20
421.9,786.7085945598686,388.9200436936942,131.14086901798092,-0.0,-0.69,3066,3066,3066,3066,15.44,-12.71,0.01,20
422.0,788.2524060074612,387.6485696616031,131.14148460625879,-0.0,-0.69,3126,3126,3126,3126,15.44,-12.71,0.01,20
422.1,789.7962174550538,386.37709562951204,131.14206736316183,-0.0,-0.69,3066,3066,3066,3066,15.44,-12.71,0.01,20
422.2,791.3400289026464,385.10562159742096,131.1426190396967,-0.0,-0.69,3126,3126,3126,3126,15.44,-12.71,0.01,20
422.3,792.883840350239,383.8341475653299,131.14314129348307,-0.0,-0.69,3066,3066,3066,3066,15.44,-12.71,0.01,20
422.4,794.4276517978316,382.5626735332388,131.14363569373415,-0.0,-0.69,3125,3125,3125,3125,15.44,-12.71,0.0,20
422.5,795.9714632454242,381.29119950114773,131.14410372597183,-0.0,-0.69,3065,3065,3065,3065,15.44,-12.71,0.0,20
422.6,797.5152746930167,380.01972546905665,131.14454679649018,-0.0,-0.69,3125,3125,3125,3125,15.44,-12.71,0.0,20
422.7,799.0590861406093,378.7482514369656,131.14496623658087,-0.0,-0.69,3065,3065,3065,3065,15.44,-12.71,0.0,20
422.8,800.6028975882019,377.4767774048745,131.1453633065334,-0.0,-0.69,3125,3125,3125,3125,15.44,-12.71,0.0,20
422.9,802.1467090357945,376.2053033727834,131.1457391994218,-0.0,-0.69,3065,3065,3065,3065,15.44,-12.71,0.0,20
423.0,803.6905204833871,374.93382934069234,131.14609504468947,-0.0,-0.69,3125,3125,3125,3125,15.44,-12.71,0.0,20
423.1,805.2343319309797,373.66235530860126,131.14643191154286,-0.0,-0.69,3065,3065,3065,3065,15.44,-12.71,0.0,20
423.2,806.7781433785723,372.3908812765102,131.14675081216407,-0.0,-0.69,3125,3125,3125,3125,15.44,-12.71,0.0,20
423.3,808.3219548261649,371.1194072444191,131.14705270475216,-0.0,-0.69,3065,3065,3065,3065,15.44,-12.71,0.0,20
423.4,809.8657662737575,369.84793321232803,131.1473384964022,-0.0,-0.69,3125,3125,3125,3125,15.44,-12.71,0.0,20
423.5,811.40957772135,368.57645918023695,131.14760904583093,-0.0,-0.69,3065,3065,3065,3065,15.44,-12.71,0.0,20
423.6,812.9533891689426,367.3049851481459,131.1478651659568,-0.0,-0.69,3125,3125,3125,3125,15.44,-12.71,0.0,20
423.7,814.4972006165352,366.0335111160548,131.1481076263426,-0.0,-0.69,3065,3065,3065,3065,15.44,-12.71,0.0,20
423.8,816.0410120641278,364.7620370839637,131.14833715550785,-0.0,-0.69,3125,3125,3125,3125,15.44,-12.71,0.0,20
423.9,817.5848235117204,363.49056305187264,131.1485544431176,-0.0,-0.69,3065,3065,3065,3065,15.44,-12.71,0.0,20
424.0,819.128634959313,362.21908901978156,131.14876014205484,-0.0,-0.69,3125,3125,3125,3125,15.44,-12.71,0.0,20
424.1,820.6724464069056,360.9476149876905,131.14895487038208,-0.0,-0.69,3065,3065,3065,3065,15.44,-12.71,0.0,20
424.2,822.2162578544982,359.6761409555994,131.14913921319854,-0.0,-0.69,3125,3125,3125,3125,15.44,-12.71,0.0,20
424.3,823.7600693020908,358.40466692350833,131.14931372439813,-0.0,-0.69,3065,3065,3065,3065,15.44,-12.71,0.0,20
424.4,825.3038807496833,357.13319289141725,131.14947892833374,-0.0,-0.69,3125,3125,3125,3125,15.44,-12.71,0.0,20
424.5,826.8476921972759,355.8617188593262,131.14963532139276,-0.0,-0.69,3065,3065,3065,3065,15.44,-12.71,0.0,20
424.6,828.3915036448685,354.5902448272351,131.14978337348865,-0.0,-0.69,3125,3125,3125,3125,15.44,-12.71,0.0,20
424.7,829.9353150924611,353.318770795144,131.14992352947274,-0.0,-0.69,3065,3065,3065,3065,15.44,-12.71,0.0,20
424.8,831.4791265400537,352.04729676305294,131.15005621047104,-0.0,-0.69,3125,3125,3125,3125,15.44,-12.71,0.0,20
424.9,833.0229379876463,350.77582273096186,131.1501818151494,-0.0,-0.69,3065,3065,3065,3065,15.44,-12.71,0.0,20
425.0,834.5667494352389,349.5043486988708,131.15030072091162,-0.0,-0.69,3125,3125,3125,3125,15.44,-12.71,0.0,20
425.1,836.1105608828315,348.2328746667797,131.15041328503318,-0.0,-0.69,3065,3065,3065,3065,15.44,-12.71,0.0,20
425.2,837.654372330424,346.96140063468863,131.15051984573492,-0.0,-0.69,3125,3125,3125,3125,15.44,-12.71,0.0,20
425.3,839.1981837780166,345.68992660259755,131.15062072319924,-0.0,-0.69,3065,3065,3065,3065,15.44,-12.71,0.0,20
425.4,840.7419952256092,344.4184525705065,131.1507162205321,-0.0,-0.69,3125,3125,3125,3125,15.44,-12.71,0.0,20
425.5,842.2858066732018,343.1469785384154,131.1508066246739,-0.0,-0.69,3065,3065,3065,3065,15.44,-12.71,0.0,20
425.6,843.8296181207944,341.8755045063243,131.15089220726145,-0.0,-0.69,3125,3125,3125,3125,15.44,-12.71,0.0,20
425.7,845.3734295683871,340.60403047423324,131.15097322544435,-0.0,-0.69,3065,3065,3065,3065,15.44,-12.71,0.0,20
425.8,846.9172410159797,339.33255644214216,131.15104992265748,-0.0,-0.69,3125,3125,3125,3125,15.44,-12.71,0.0,20
425.9,848.4610524635724,338.0610824100511,131.1511225293526,-0.0,-0.69,3065,3065,3065,3065,15.44,-12.71,0.0,20
426.0,850.0048639111651,336.78960837796,131.15119126369063,-0.0,-0.69,3125,3125,3125,3125,15.44,-12.71,0.0,20
426.1,851.5486753587577,335.51813434586893,131.1512563321973,-0.0,-0.69,3065,3065,3065,3065,15.44,-12.71,0.0,20
426.2,853.0924868063504,334.24666031377785,131.1513179303836,-0.0,-0.69,3125,3125,3125,3125,15.44,-12.71,0.0,20
426.3,854.6362982539431,332.9751862816868,131.15137624333332,-0.0,-0.69,3065,3065,3065,3065,15.44,-12.71,0.0,20
426.4,856.1801097015357,331.7037122495957,131.15143144625904,-0.0,-0.69,3125,3125,3125,3125,15.44,-12.71,0.0,20
426.5,857.7239211491284,330.4322382175046,131.15148370502874,-0.0,-0.69,3065,3065,3065,3065,15.44,-12.71,0.0,20
426.6,859.2677325967211,329.16076418541354,131.15153317666403,-0.0,-0.69,3125,3125,3125,3125,15.44,-12.71,0.0,20
426.7,860.8115440443137,327.88929015332246,131.1515800098121,-0.0,-0.69,3065,3065,3065,3065,15.44,-12.71,0.0,20
426.8,862.3553554919064,326.6178161212314,131.1516243451923,-0.0,-0.69,3125,3125,3125,3125,15.44,-12.71,0.0,20
426.9,863.8991669394991,325.3463420891403,131.15166631601886,-0.0,-0.69,3065,3065,3065,3065,15.44,-12.71,0.0,20
427.0,865.4429783870917,324.07486805704923,131.15170604840137,-0.0,-0.69,3125,3125,3125,3125,15.44,-12.71,0.0,20
427.1,866.9867898346844,322.80339402495815,131.15174366172346,-0.0,-0.69,3065,3065,3065,3065,15.44,-12.71,0.0,20
427.2,868.5306012822771,321.5319199928671,131.1517792690017,-0.0,-0.69,3125,3125,3125,3125,15.44,-12.71,0.0,20
427.3,870.0744127298697,320.260445960776,131.15181297722512,-0.0,-0.69,3065,3065,3065,3065,15.44,-12.71,0.0,20
427.4,871.6182241774624,318.9889719286849,131.15184488767662,-0.0,-0.69,3125,3125,3125,3125,15.44,-12.71,0.0,20
427.5,873.1620356250551,317.71749789659384,131.15187509623738,-0.0,-0.69,3065,3065,3065,3065,15.44,-12.71,0.0,20
427.6,874.7058470726477,316.44602386450276,131.15190369367488,-0.0,-0.69,3125,3125,3125,3125,15.44,-12.71,0.0,20
427.7,876.2496585202404,315.1745498324117,131.15193076591572,-0.0,-0.69,3065,3065,3065,3065,15.44,-12.71,0.0,20
427.8,877.7934699678331,313.9030758003206,131.1519563943037,-0.0,-0.69,3125,3125,3125,3125,15.44,-12.71,0.0,20
427.9,879.3372814154257,312.63160176822953,131.15198065584434,-0.0,-0.69,3065,3065,3065,3065,15.44,-12.71,0.0,20
428.0,880.8810928630184,311.36012773613845,131.15200362343614,-0.0,-0.69,3125,3125,3125,3125,15.44,-12.71,0.0,20
428.1,882.424904310611,310.0886537040474,131.15202536608973,-0.0,-0.69,3065,3065,3065,3065,15.44,-12.71,0.0,20
428.2,883.9687157582036,308.8171796719563,131.15204594913513,-0.0,-0.69,3125,3125,3125,3125,15.44,-12.71,0.0,20
428.3,885.5125272057963,307.5457056398652,131.1520654344181,-0.0,-0.69,3065,3065,3065,3065,15.44,-12.71,0.0,20
428.4,887.056338653389,306.27423160777414,131.15208388048597,-0.0,-0.69,3125,3125,3125,3125,15.44,-12.71,0.0,20
428.5,888.3953041638084,305.1714674852393,131.15210134276356,-0.0,-0.69,3065,3065,3065,3065,13.39,-11.03,0.0,20
428.6,889.5557409395052,304.2157385790424,131.15211787371967,-0.0,-0.69,3005,3005,3005,3005,11.6,-9.56,0.0,20
428.7,890.5614528117758,303.3874401936718,131.1521335230248,-0.0,-0.69,2945,2945,2945,2945,10.06,-8.28,0.0,20
428.8,891.4330697677436,302.66958159301726,131.1521483377003,-0.0,-0.69,2885,2885,2885,2885,8.72,-7.18,0.0,20
428.9,892.1884711295824,302.04743747245,131.1521623622598,-0.0,-0.69,2882,2882,2882,2882,7.55,-6.22,0.0,20
429.0,892.8431523098426,301.5082459012917,131.15217563884278,-0.0,-0.69,2822,2822,2822,2822,6.55,-5.39,0.0,20
429.1,893.4105426660682,301.04094653962113,131.15218820734134,-0.0,-0.69,2882,2882,2882,2882,5.67,-4.67,0.0,20
429.2,893.584749635859,302.18330659808066,131.0721703600734,0.04,1.42,2822,2822,2822,2822,1.74,11.42,-0.8,20
429.3,893.7795416032112,303.460652524476,130.985751085024,0.04,1.42,2762,2762,2762,2762,1.95,12.77,-0.86,20
429.4,894.0022728994477,304.9212102558636,130.89241826797064,0.04,1.42,2702,2702,2702,2702,2.23,14.61,-0.93,20
429.5,894.2609387450291,306.61740835192535,130.79161882555303,0.04,1.42,2762,2762,2762,2762,2.59,16.96,-1.01,20
429.6,894.5624478807354,308.5945507952222,130.68275542774202,0.04,1.42,2770,2770,2770,2770,3.02,19.77,-1.09,20
429.7,894.8639570164416,310.571693238519,130.56518295810613,0.04,1.42,2710,2710,2710,2710,3.02,19.77,-1.18,20
429.8,895.1654661521479,312.54883568181583,130.43820469089937,0.04,1.42,2718,2718,2718,2718,3.02,19.77,-1.27,20
429.9,895.4669752878542,314.52597812511266,130.30106816231606,0.04,1.42,2658,2658,2658,2658,3.02,19.77,-1.37,20
430.0,895.7684844235605,316.5031205684095,130.15296071144607,0.04,1.42,2623,2623,2623,2623,3.02,19.77,-1.48,20
430.1,896.0699935592668,318.4802630117063,129.9930046645065,0.04,1.42,2591,2591,2591,2591,3.02,19.77,-1.6,20
430.2,896.3715026949731,320.45740545500314,129.82025213381175,0.04,1.42,2536,2536,2536,2536,3.02,19.77,-1.73,20
430.3,896.6730118306793,322.43454789829997,129.63367940066144,0.04,1.42,2556,2556,2556,2556,3.02,19.77,-1.87,20
430.4,896.9745209663856,324.4116903415968,129.4321808488591,0.04,1.42,2496,2496,2496,2496,3.02,19.77,-2.01,20
430.5,897.2760301020919,326.3888327848936,129.21456241291258,0.04,1.42,2436,2436,2436,2436,3.02,19.77,-2.18,20
430.6,897.5775392377982,328.36597522819045,128.97953450209033,0.04,1.42,2376,2376,2376,2376,3.02,19.77,-2.35,20
430.7,897.8790483735045,330.3431176714873,128.7257043584023,0.04,1.42,2316,2316,2316,2316,3.02,19.77,-2.54,20
430.8,898.1805575092108,332.3202601147841,128.45156780321923,0.04,1.42,2256,2256,2256,2256,3.02,19.77,-2.74,20
430.9,898.482066644917,334.29740255808093,128.1555003236215,0.04,1.42,2196,2196,2196,2196,3.02,19.77,-2.96,20
431.0,898.7835757806233,336.27454500137776,127.83574744565597,0.04,1.42,2136,2136,2136,2136,3.02,19.77,-3.2,20
431.1,899.0850849163296,338.2516874446746,127.49041433745319,0.04,1.42,2100,2100,2100,2100,3.02,19.77,-3.45,20
431.2,899.3865940520359,340.2288298879714,127.11745458059418,0.04,1.42,2100,2100,2100,2100,3.02,19.77,-3.73,20
431.3,899.6881031877422,342.20597233126824,126.71465804318646,0.04,1.42,2100,2100,2100,2100,3.02,19.77,-4.03,20
431.4,899.9896123234485,344.18311477456507,126.27963778278612,0.04,1.42,2100,2100,2100,2100,3.02,19.77,-4.35,20
431.5,900.2911214591547,346.1602572178619,125.80981590155376,0.04,1.42,2100,2100,2100,2100,3.02,19.77,-4.7,20
431.6,900.592630594861,348.1373996611587,125.3024082698228,0.04,1.42,2100,2100,2100,2100,3.02,19.77,-5.07,20
431.7,900.8941397305673,350.11454210445555,124.75440802755337,0.04,1.42,2100,2100,2100,2100,3.02,19.77,-5.48,20
431.8,901.1956488662736,352.0916845477524,124.16256776590238,0.04,1.42,2100,2100,2100,2100,3.02,19.77,-5.92,20
431.9,901.4971580019799,354.0688269910492,123.52338028331931,0.04,1.42,2100,2100,2100,2100,3.02,19.77,-6.39,20
432.0,901.7986671376862,356.04596943434603,122.8330578021296,0.04,1.42,2100,2100,2100,2100,3.02,19.77,-6.9,20
432.1,902.1001762733924,358.02311187764286,122.08750952244472,0.04,1.42,2100,2100,2100,2100,3.02,19.77,-7.46,20
432.2,902.4016854090987,360.0002543209397,121.28750952244472,0.03,1.42,2100,2100,2100,2100,3.02,19.77,-8.0,20
432.3,902.703194544805,361.9773967642365,120.48750952244473,0.03,1.42,2100,2100,2100,2100,3.02,19.77,-8.0,20
432.4,903.0047036805113,363.95453920753334,119.68750952244473,0.03,1.42,2100,2100,2100,2100,3.02,19.77,-8.0,20
432.5,903.3062128162176,365.93168165083017,118.88750952244473,0.03,1.42,2100,2100,2100,2100,3.02,19.77,-8.0,20
432.6,903.6077219519238,367.908824094127,118.08750952244473,0.03,1.42,2100,2100,2100,2100,3.02,19.77,-8.0,20
432.7,903.9092310876301,369.8859665374238,117.28750952244474,0.03,1.42,2100,2100,2100,2100,3.02,19.77,-8.0,20
432.8,904.2107402233364,371.86310898072065,116.48750952244474,0.03,1.42,2100,2100,2100,2100,3.02,19.77,-8.0,20
432.9,904.5122493590427,373.8402514240175,115.68750952244474,0.03,1.42,2100,2100,2100,2100,3.02,19.77,-8.0,20
433.0,904.813758494749,375.8173938673143,114.88750952244474,0.02,1.42,2100,2100,2100,2100,3.02,19.77,-8.0,20
433.1,905.1152676304553,377.79453631061114,114.09350901458103,0.02,1.42,2100,2100,2100,2100,3.02,19.77,-7.94,20
433.2,905.4167767661615,379.77167875390796,113.34185520047004,0.02,1.42,2100,2100,2100,2100,3.02,19.77,-7.52,20
433.3,905.7182859018678,381.7488211972048,112.6302895897783,0.02,1.42,2100,2100,2100,2100,3.02,19.77,-7.12,20
433.4,906.0197950375741,383.7259636405016,111.95667414499012,0.02,1.42,2100,2100,2100,2100,3.02,19.77,-6.74,20
433.5,906.3213041732804,385.70310608379845,111.3189848572573,0.02,1.42,2100,2100,2100,2100,3.02,19.77,-6.38,20
433.6,906.6228133089867,387.6802485270953,110.71530566487024,0.02,1.42,2100,2100,2100,2100,3.02,19.77,-6.04,20
433.7,906.924322444693,389.6573909703921,110.14382269607717,0.02,1.42,2100,2100,2100,2100,3.02,19.77,-5.71,20
433.8,907.2258315803992,391.6345334136889,109.60281881895305,0.02,1.42,2100,2100,2100,2100,3.02,19.77,-5.41,20
433.9,907.5273407161055,393.61167585698576,109.09066848194223,0.02,1.42,2100,2100,2100,2100,3.02,19.77,-5.12,20
434.0,907.8288498518118,395.5888183002826,108.60583282957198,0.01,1.42,2100,2100,2100,2100,3.02,19.77,-4.85,20
434.1,908.1303589875181,397.5659607435794,108.14685507866147,0.01,1.42,2100,2100,2100,2100,3.02,19.77,-4.59,20
434.2,908.4318681232244,399.54310318687624,107.71235614113286,0.01,1.42,2100,2100,2100,2100,3.02,19.77,-4.34,20
434.3,908.7333772589307,401.52024563017306,107.30103048027244,0.01,1.42,2100,2100,2100,2100,3.02,19.77,-4.11,20
434.4,909.0348863946369,403.4973880734699,106.91164218799125,0.01,1.42,2100,2100,2100,2100,3.02,19.77,-3.89,20
434.5,909.3363955303432,405.4745305167667,106.54302127129839,0.01,1.42,2100,2100,2100,2100,3.02,19.77,-3.69,20
434.6,909.6379046660495,407.45167296006355,106.19406013682914,0.01,1.42,2100,2100,2100,2100,3.02,19.77,-3.49,20
434.7,909.9394138017558,409.4288154033604,105.86371026286491,0.01,1.42,2160,2160,2160,2160,3.02,19.77,-3.3,20
434.8,910.2409229374621,411.4059578466572,105.55097904884545,0.01,1.42,2220,2220,2220,2220,3.02,19.77,-3.13,20
434.9,910.5424320731684,413.38310028995403,105.25492683290703,0.01,1.42,2249,2249,2249,2249,3.02,19.77,-2.96,20
435.0,910.8439412088746,415.36024273325086,104.97466406848532,0.01,1.42,2309,2309,2309,2309,3.02,19.77,-2.8,20
435.1,911.1454503445809,417.3373851765477,104.70934865149944,0.01,1.42,2334,2334,2334,2334,3.02,19.77,-2.65,20
435.2,911.4469594802872,419.3145276198445,104.45818339008613,0.01,1.42,2394,2394,2394,2394,3.02,19.77,-2.51,20
435.3,911.7484686159935,421.29167006314134,104.22041360928154,0.01,1.42,2390,2390,2390,2390,3.02,19.77,-2.38,20
435.4,912.0499777516998,423.26881250643817,103.9953248834532,0.01,1.42,2450,2450,2450,2450,3.02,19.77,-2.25,20
435.5,912.351486887406,425.245954949735,103.78224088966903,0.01,1.42,2510,2510,2510,2510,3.02,19.77,-2.13,20
435.6,912.6529960231123,427.2230973930318,103.58052137555335,0.01,1.42,2450,2450,2450,2450,3.02,19.77,-2.02,20
435.7,912.9545051588186,429.20023983632865,103.38956023552383,0.01,1.42,2510,2510,2510,2510,3.02,19.77,-1.91,20
435.8,913.2560142945249,431.1773822796255,103.20878368962923,0.01,1.42,2570,2570,2570,2570,3.02,19.77,-1.81,20
435.9,913.5575234302312,433.1545247229223,103.03764855951567,0.01,1.42,2630,2630,2630,2630,3.02,19.77,-1.71,20
436.0,913.8590325659375,435.13166716621913,102.8756406363415,0.01,1.42,2570,2570,2570,2570,3.02,19.77,-1.62,20
436.1,914.1605417016438,437.10880960951596,102.72227313573661,0.01,1.42,2630,2630,2630,2630,3.02,19.77,-1.53,20
436.2,914.46205083735,439.0859520528128,102.57708523516399,0.0,1.42,2690,2690,2690,2690,3.02,19.77,-1.45,20
436.3,914.7635599730563,441.0630944961096,102.43964068928858,0.0,1.42,2646,2646,2646,2646,3.02,19.77,-1.37,20
436.4,915.0650691087626,443.04023693940644,102.30952651919318,0.0,1.42,2706,2706,2706,2706,3.02,19.77,-1.3,20
436.5,915.3665782444689,445.01737938270327,102.18635177150288,0.0,1.42,2766,2766,2766,2766,3.02,19.77,-1.23,20
436.6,915.6680873801752,446.9945218260001,102.0697463436894,0.0,1.42,2706,2706,2706,2706,3.02,19.77,-1.17,20
436.7,915.9695965158814,448.9716642692969,101.95935987202597,0.0,1.42,2766,2766,2766,2766,3.02,19.77,-1.1,20
436.8,916.2711056515877,450.94880671259375,101.85486067885125,0.0,1.42,2816,2816,2816,2816,3.02,19.77,-1.04,20
436.9,916.572614787294,452.9259491558906,101.75593477597918,0.0,1.42,2756,2756,2756,2756,3.02,19.77,-0.99,20
437.0,916.8741239230003,454.9030915991874,101.6622849212603,0.0,1.42,2816,2816,2816,2816,3.02,19.77,-0.94,20
437.1,917.1756330587066,456.88023404248423,101.57362972545974,0.0,1.42,2843,2843,2843,2843,3.02,19.77,-0.89,20
437.2,917.4771421944129,458.85737648578106,101.48970280676855,0.0,1.42,2806,2806,2806,2806,3.02,19.77,-0.84,20
437.3,917.7786513301191,460.8345189290779,101.41025199040756,0.0,1.42,2866,2866,2866,2866,3.02,19.77,-0.79,20
437.4,918.0801604658254,462.8116613723747,101.33503855091915,0.0,1.42,2839,2839,2839,2839,3.02,19.77,-0.75,20
437.5,918.3816696015317,464.78880381567154,101.26383649487013,0.0,1.42,2899,2899,2899,2899,3.02,19.77,-0.71,20
437.6,918.683178737238,466.76594625896837,101.1964318818104,0.0,1.42,2839,2839,2839,2839,3.02,19.77,-0.67,20
437.7,918.9846878729443,468.7430887022652,101.13262218144718,0.0,1.42,2899,2899,2899,2899,3.02,19.77,-0.64,20
437.8,919.2861970086506,470.720231145562,101.07221566510333,0.0,1.42,2918,2918,2918,2918,3.02,19.77,-0.6,20
437.9,919.5877061443568,472.69737358885885,101.01503082963116,0.0,1.42,2889,2889,2889,2889,3.02,19.77,-0.57,20
438.0,919.8892152800631,474.6745160321557,100.96089585205083,0.0,1.42,2949,2949,2949,2949,3.02,19.77,-0.54,20
438.1,920.1907244157694,476.6516584754525,100.90964807327478,0.0,1.42,2889,2889,2889,2889,3.02,19.77,-0.51,20
438.2,920.4922335514757,478.62880091874933,100.8611335093668,0.0,1.42,2949,2949,2949,2949,3.02,19.77,-0.49,20
438.3,920.793742687182,480.60594336204616,100.81520638886724,0.0,1.42,2927,2927,2927,2927,3.02,19.77,-0.46,20
438.4,921.0952518228883,482.583085805343,100.77172871479432,0.0,1.42,2987,2987,2987,2987,3.02,19.77,-0.43,20
438.5,921.3967609585945,484.5602282486398,100.7305698500053,0.0,1.42,2927,2927,2927,2927,3.02,19.77,-0.41,20
438.6,921.6982700943008,486.53737069193664,100.69160612467168,0.0,1.42,2987,2987,2987,2987,3.02,19.77,-0.39,20
438.7,921.9997792300071,488.51451313523347,100.65472046468919,0.0,1.42,2927,2927,2927,2927,3.02,19.77,-0.37,20
438.8,922.3012883657134,490.4916555785303,100.61980203990576,0.0,1.42,2987,2987,2987,2987,3.02,19.77,-0.35,20
438.9,922.6027975014197,492.4687980218271,100.58674593111078,0.0,1.42,2958,2958,2958,2958,3.02,19.77,-0.33,20
439.0,922.904306637126,494.44594046512395,100.55545281478487,0.0,1.42,3018,3018,3018,3018,3.02,19.77,-0.31,20
439.1,923.2058157728322,496.4230829084208,100.52582866466301,0.0,1.42,2958,2958,2958,2958,3.02,19.77,-0.3,20
439.2,923.5073249085385,498.4002253517176,100.49778446921431,0.0,1.42,3018,3018,3018,3018,3.02,19.77,-0.28,20
439.3,923.8088340442447,500.37736779501444,100.47123596418955,0.0,1.42,2958,2958,2958,2958,3.02,19.77,-0.27,20
439.4,924.1103431799509,502.35451023831126,100.44610337943277,0.0,1.42,3018,3018,3018,3018,3.02,19.77,-0.25,20
439.5,924.4118523156571,504.3316526816081,100.42231119919636,0.0,1.42,2967,2967,2967,2967,3.02,19.77,-0.24,20
439.6,924.7133614513634,506.3087951249049,100.39978793523922,0.0,1.42,3027,3027,3027,3027,3.02,19.77,-0.23,20
439.7,925.0148705870696,508.28593756820175,100.37846591202646,0.0,1.42,2968,2968,2968,2968,3.02,19.77,-0.21,20
439.8,925.3163797227759,510.2630800114986,100.35828106338505,0.0,1.42,3028,3028,3028,3028,3.02,19.77,-0.2,20
439.9,925.617888858482,512.2402224547953,100.33917274000451,0.0,1.42,2996,2996,2996,2996,3.02,19.77,-0.19,20
440.0,925.9193979941883,514.2173648980921,100.32108352720428,0.0,1.42,3056,3056,3056,3056,3.02,19.77,-0.18,20
440.1,926.2209071298945,516.1945073413889,100.30395907242006,0.0,1.42,2996,2996,2996,2996,3.02,19.77,-0.17,20
440.2,926.5224162656007,518.1716497846857,100.28774792189098,0.0,1.42,3056,3056,3056,3056,3.02,19.77,-0.16,20
440.3,926.823925401307,520.1487922279824,100.2724013660568,0.0,1.42,2996,2996,2996,2996,3.02,19.77,-0.15,20
440.4,927.1254345370132,522.1259346712792,100.25787329320043,0.0,1.42,3056,3056,3056,3056,3.02,19.77,-0.15,20
440.5,927.4269436727194,524.103077114576,100.24412005089641,0.0,1.42,2996,2996,2996,2996,3.02,19.77,-0.14,20
440.6,927.7284528084256,526.0802195578727,100.2311003148486,0.0,1.42,3056,3056,3056,3056,3.02,19.77,-0.13,20
440.7,928.0299619441319,528.0573620011695,100.21877496472335,0.0,1.42,2996,2996,2996,2996,3.02,19.77,-0.12,20
440.8,928.331471079838,530.0345044444663,100.20710696660477,0.0,1.42,3056,3056,3056,3056,3.02,19.77,-0.12,20
440.9,928.6329802155443,532.011646887763,100.19606126171918,0.0,1.42,2998,2998,2998,2998,3.02,19.77,-0.11,20
441.0,928.9344893512505,533.9887893310598,100.18560466109416,0.0,1.42,3058,3058,3058,3058,3.02,19.77,-0.1,20
441.1,929.2359984869568,535.9659317743566,100.1757057458358,0.0,1.42,3007,3007,3007,3007,3.02,19.77,-0.1,20
441.2,929.5375076226629,537.9430742176534,100.16633477272455,0.0,1.42,3067,3067,3067,3067,3.02,19.77,-0.09,20
441.3,929.8390167583691,539.9202166609501,100.15746358484591,0.0,1.42,3007,3007,3007,3007,3.02,19.77,-0.09,20
441.4,930.1405258940754,541.8973591042469,100.14906552698747,0.0,1.42,3067,3067,3067,3067,3.02,19.77,-0.08,20
441.5,930.4420350297816,543.8745015475437,100.14111536554815,0.0,1.42,3007,3007,3007,3007,3.02,19.77,-0.08,20
441.6,930.7435441654878,545.8516439908404,100.13358921271892,0.0,1.42,3067,3067,3067,3067,3.02,19.77,-0.08,20
441.7,931.045053301194,547.8287864341372,100.12646445470725,0.0,1.42,3013,3013,3013,3013,3.02,19.77,-0.07,20
441.8,931.3465624369003,549.805928877434,100.11971968378953,0.0,1.42,3073,3073,3073,3073,3.02,19.77,-0.07,20
441.9,931.6480715726065,551.7830713207308,100.11333463398742,0.0,1.42,3013,3013,3013,3013,3.02,19.77,-0.06,20
442.0,931.9495807083126,553.7602137640275,100.10729012017475,0.0,1.42,3073,3073,3073,3073,3.02,19.77,-0.06,20
442.1,932.2510898440189,555.7373562073243,100.1015679804321,0.0,1.42,3013,3013,3013,3013,3.02,19.77,-0.06,20
442.2,932.5525989797252,557.7144986506211,100.09615102147572,0.0,1.42,3073,3073,3073,3073,3.02,19.77,-0.05,20
442.3,932.8541081154314,559.6916410939178,100.09102296699702,0.0,1.42,3017,3017,3017,3017,3.02,19.77,-0.05,20
442.4,933.1556172511375,561.6687835372146,100.08616840875717,0.0,1.42,3077,3077,3077,3077,3.02,19.77,-0.05,20
442.5,933.4571263868438,563.6459259805114,100.08157276029013,0.0,1.42,3017,3017,3017,3017,3.02,19.77,-0.05,20
442.6,933.75863552255,565.6230684238081,100.07722221307465,0.0,1.42,3077,3077,3077,3077,3.02,19.77,-0.04,20
442.7,934.0601446582563,567.6002108671049,100.073103695044,0.0,1.42,3017,3017,3017,3017,3.02,19.77,-0.04,20
442.8,934.3616537939624,569.5773533104017,100.06920483130831,0.0,1.42,3077,3077,3077,3077,3.02,19.77,-0.04,20
442.9,934.6631629296687,571.5544957536985,100.06551390697187,0.0,1.42,3020,3020,3020,3020,3.02,19.77,-0.04,20
443.0,934.9646720653749,573.5316381969952,100.06201983193337,0.0,1.42,3080,3080,3080,3080,3.02,19.77,-0.03,20
443.1,935.266181201081,575.508780640292,100.0587121075636,0.0,1.42,3020,3020,3020,3020,3.02,19.77,-0.03,20
443.2,935.5676903367873,577.4859230835888,100.0555807951602,0.0,1.42,3080,3080,3080,3080,3.02,19.77,-0.03,20
443.3,935.8691994724935,579.4630655268855,100.05261648608499,0.0,1.42,3020,3020,3020,3020,3.02,19.77,-0.03,20
443.4,936.1707086081998,581.4402079701823,100.04981027349379,0.0,1.42,3080,3080,3080,3080,3.02,19.77,-0.03,20
443.5,936.472217743906,583.4173504134791,100.04715372557412,0.0,1.42,3024,3024,3024,3024,3.02,19.77,-0.03,20
443.6,936.7737268796122,585.3944928567759,100.04463886021017,0.0,1.42,3084,3084,3084,3084,3.02,19.77,-0.03,20
443.7,937.0752360153184,587.3716353000726,100.04225812099897,0.0,1.42,3024,3024,3024,3024,3.02,19.77,-0.02,20
443.8,937.3767451510246,589.3487777433694,100.04000435454569,0.0,1.42,3084,3084,3084,3084,3.02,19.77,-0.02,20
443.9,937.6782542867309,591.3259201866662,100.03787078896991,0.0,1.42,3024,3024,3024,3024,3.02,19.77,-0.02,20
444.0,937.9797634224371,593.3030626299629,100.03585101355819,0.0,1.42,3084,3084,3084,3084,3.02,19.77,-0.02,20
444.1,938.2812725581433,595.2802050732597,100.03393895950175,0.0,1.42,3024,3024,3024,3024,3.02,19.77,-0.02,20
444.2,938.5827816938495,597.2573475165565,100.03212888166166,0.0,1.42,3084,3084,3084,3084,3.02,19.77,-0.02,20
444.3,938.8842908295558,599.2344899598532,100.03041534130638,0.0,1.42,3024,3024,3024,3024,3.02,19.77,-0.02,20
444.4,939.1857999652619,601.21163240315,100.02879318977004,0.0,1.42,3084,3084,3084,3084,3.02,19.77,-0.02,20
444.5,939.4873091009682,603.1887748464468,100.0272575529823,0.0,1.42,3024,3024,3024,3024,3.02,19.77,-0.02,20
444.6,939.7888182366744,605.1659172897436,100.02580381682326,0.0,1.42,3084,3084,3084,3084,3.02,19.77,-0.01,20
444.7,940.0903273723807,607.1430597330403,100.02442761325935,0.0,1.42,3026,3026,3026,3026,3.02,19.77,-0.01,20
444.8,940.3918365080868,609.1202021763371,100.02312480721885,0.0,1.42,3086,3086,3086,3086,3.02,19.77,-0.01,20
444.9,940.693345643793,611.0973446196339,100.02189148416717,0.0,1.42,3026,3026,3026,3026,3.02,19.77,-0.01,20
445.0,940.9948547794993,613.0744870629306,100.02072393834491,0.0,1.42,3086,3086,3086,3086,3.02,19.77,-0.01,20
445.1,941.2963639152055,615.0516295062274,100.01961866163319,0.0,1.42,3026,3026,3026,3026,3.02,19.77,-0.01,20
445.2,941.5978730509117,617.0287719495242,100.01857233301276,0.0,1.42,3086,3086,3086,3086,3.02,19.77,-0.01,20
445.3,941.8993821866179,619.005914392821,100.0175818085854,0.0,1.42,3026,3026,3026,3026,3.02,19.77,-0.01,20
445.4,942.2008913223242,620.9830568361177,100.01664411212752,0.0,1.42,3086,3086,3086,3086,3.02,19.77,-0.01,20
445.5,942.5024004580304,622.9601992794145,100.01575642614739,0.0,1.42,3026,3026,3026,3026,3.02,19.77,-0.01,20
445.6,942.8039095937365,624.9373417227113,100.01491608341954,0.0,1.42,3086,3086,3086,3086,3.02,19.77,-0.01,20
445.7,943.1054187294428,626.914484166008,100.01412055897049,0.0,1.42,3027,3027,3027,3027,3.02,19.77,-0.01,20
445.8,943.4069278651491,628.8916266093048,100.01336746249207,0.0,1.42,3087,3087,3087,3087,3.02,19.77,-0.01,20
445.9,943.7084370008553,630.8687690526016,100.01265453115916,0.0,1.42,3027,3027,3027,3027,3.02,19.77,-0.01,20
446.0,944.0099461365614,632.8459114958983,100.01197962283067,0.0,1.42,3087,3087,3087,3087,3.02,19.77,-0.01,20
446.1,944.3114552722677,634.8230539391951,100.01134070961302,0.0,1.42,3027,3027,3027,3027,3.02,19.77,-0.01,20
446.2,944.6129644079739,636.8001963824919,100.010735871767,0.0,1.42,3087,3087,3087,3087,3.02,19.77,-0.01,20
446.3,944.9144735436802,638.7773388257887,100.01016329193942,0.0,1.42,3027,3027,3027,3027,3.02,19.77,-0.01,20
446.4,945.2159826793863,640.7544812690854,100.00962124970265,0.0,1.42,3087,3087,3087,3087,3.02,19.77,-0.01,20
446.5,945.5174918150926,642.7316237123822,100.00910811638518,0.0,1.42,3027,3027,3027,3027,3.02,19.77,-0.01,20
446.6,945.8190009507988,644.708766155679,100.00862235017797,0.0,1.42,3087,3087,3087,3087,3.02,19.77,-0.0,20
446.7,946.120510086505,646.6859085989757,100.00816249150182,0.0,1.42,3028,3028,3028,3028,3.02,19.77,-0.0,20
446.8,946.4220192222112,648.6630510422725,100.00772715862172,0.0,1.42,3088,3088,3088,3088,3.02,19.77,-0.0,20
446.9,946.7235283579174,650.6401934855693,100.00731504349523,0.0,1.42,3028,3028,3028,3028,3.02,19.77,-0.0,20
447.0,947.0250374936237,652.617335928866,100.00692490784215,0.0,1.42,3088,3088,3088,3088,3.02,19.77,-0.0,20
447.1,947.3265466293299,654.5944783721628,100.0065555794239,0.0,1.42,3028,3028,3028,3028,3.02,19.77,-0.0,20
447.2,947.6280557650362,656.5716208154596,100.0062059485213,0.0,1.42,3088,3088,3088,3088,3.02,19.77,-0.0,20
447.3,947.9295649007423,658.5487632587564,100.00587496460017,0.0,1.42,3028,3028,3028,3028,3.02,19.77,-0.0,20
447.4,948.2310740364486,660.5259057020531,100.00556163315483,0.0,1.42,3088,3088,3088,3088,3.02,19.77,-0.0,20
447.5,948.5325831721548,662.5030481453499,100.0052650127199,0.0,1.42,3028,3028,3028,3028,3.02,19.77,-0.0,20
447.6,948.834092307861,664.4801905886467,100.0049842120415,0.0,1.42,3088,3088,3088,3088,3.02,19.77,-0.0,20
447.7,949.1356014435672,666.4573330319434,100.0047183873993,0.0,1.42,3028,3028,3028,3028,3.02,19.77,-0.0,20
447.8,949.4371105792734,668.4344754752402,100.00446674007134,0.0,1.42,3088,3088,3088,3088,3.02,19.77,-0.0,20
447.9,949.7386197149797,670.411617918537,100.0042285139342,0.0,1.42,3028,3028,3028,3028,3.02,19.77,-0.0,20
448.0,950.0401288506858,672.3887603618338,100.00400299319104,0.0,1.42,3088,3088,3088,3088,3.02,19.77,-0.0,20
448.1,950.3416379863921,674.3659028051305,100.00378950022085,0.0,1.42,3028,3028,3028,3028,3.02,19.77,-0.0,20
448.2,950.6431471220983,676.3430452484273,100.0035873935424,0.0,1.42,3088,3088,3088,3088,3.02,19.77,-0.0,20
448.3,950.9446562578046,678.3201876917241,100.0033960658868,0.0,1.42,3028,3028,3028,3028,3.02,19.77,-0.0,20
448.4,951.2461653935108,680.2973301350208,100.00321494237284,0.0,1.42,3088,3088,3088,3088,3.02,19.77,-0.0,20
448.5,951.5476745292169,682.2744725783176,100.00304347877962,0.0,1.42,3028,3028,3028,3028,3.02,19.77,-0.0,20
448.6,951.8491836649232,684.2516150216144,100.00288115991137,0.0,1.42,3088,3088,3088,3088,3.02,19.77,-0.0,20
448.7,952.1506928006294,686.2287574649112,100.00272749804942,0.0,1.42,3028,3028,3028,3028,3.02,19.77,-0.0,20
448.8,952.4522019363357,688.2058999082079,100.00258203148678,0.0,1.42,3088,3088,3088,3088,3.02,19.77,-0.0,20
448.9,952.7537110720418,690.1830423515047,100.00244432314082,0.0,1.42,3028,3028,3028,3028,3.02,19.77,-0.0,20
449.0,953.0552202077481,692.1601847948015,100.00231395923998,0.0,1.42,3088,3088,3088,3088,3.02,19.77,-0.0,20
449.1,953.3567293434543,694.1373272380982,100.00219054808052,0.0,1.42,3028,3028,3028,3028,3.02,19.77,-0.0,20
449.2,953.6582384791606,696.114469681395,100.00207371884956,0.0,1.42,3088,3088,3088,3088,3.02,19.77,-0.0,20
449.3,953.9597476148667,698.0916121246918,100.00196312051092,0.0,1.42,3028,3028,3028,3028,3.02,19.77,-0.0,20
449.4,954.261256750573,700.0687545679885,100.00185842075034,0.0,1.42,3088,3088,3088,3088,3.02,19.77,-0.0,20
449.5,954.5627658862792,702.0458970112853,100.00175930497699,0.0,1.42,3028,3028,3028,3028,3.02,19.77,-0.0,20
449.6,954.8642750219853,704.0230394545821,100.00166547537822,0.0,1.42,3088,3088,3088,3088,3.02,19.77,-0.0,20
449.7,955.1657841576916,706.0001818978789,100.00157665002472,0.0,1.42,3028,3028,3028,3028,3.02,19.77,-0.0,20
449.8,955.4672932933978,707.9773243411756,100.0014925620234,0.0,1.42,3088,3088,3088,3088,3.02,19.77,-0.0,20
449.9,955.7688024291041,709.9544667844724,100.00141295871549,0.0,1.42,3028,3028,3028,3028,3.02,19.77,-0.0,20
450.0,956.0703115648103,711.9316092277692,100.00133760091734,0.0,1.42,3088,3088,3088,3088,3.02,19.77,-0.0,20
450.1,956.3718207005165,713.9087516710659,100.00126626220175,0.0,1.42,3028,3028,3028,3028,3.02,19.77,-0.0,20
450.2,956.6733298362227,715.8858941143627,100.00119872821766,0.0,1.42,3088,3088,3088,3088,3.02,19.77,-0.0,20
450.3,956.9748389719289,717.8630365576595,100.00113479604605,0.0,1.42,3028,3028,3028,3028,3.02,19.77,-0.0,20
450.4,957.2763481076352,719.8401790009563,100.00107427359026,0.0,1.42,3088,3088,3088,3088,3.02,19.77,-0.0,20
450.5,957.5778572433414,721.817321444253,100.00101697899878,0.0,1.42,3028,3028,3028,3028,3.02,19.77,-0.0,20
450.6,957.8793663790476,723.7944638875498,100.00096274011884,0.0,1.42,3088,3088,3088,3088,3.02,19.77,-0.0,20
450.7,958.1808755147538,725.7716063308466,100.00091139397917,0.0,1.42,3028,3028,3028,3028,3.02,19.77,-0.0,20
450.8,958.4823846504601,727.7487487741433,100.00086278630027,0.0,1.42,3088,3088,3088,3088,3.02,19.77,-0.0,20
450.9,958.7838937861662,729.7258912174401,100.00081677103093,0.0,1.42,3028,3028,3028,3028,3.02,19.77,-0.0,20
451.0,959.0854029218725,731.7030336607369,100.00077320990928,0.0,1.42,3088,3088,3088,3088,3.02,19.77,-0.0,20
451.1,959.3869120575787,733.6801761040336,100.00073197204746,0.0,1.42,3028,3028,3028,3028,3.02,19.77,-0.0,20
451.2,959.688421193285,735.6573185473304,100.00069293353826,0.0,1.42,3088,3088,3088,3088,3.02,19.77,-0.0,20
451.3,959.9899303289911,737.6344609906272,100.00065597708289,0.0,1.42,3028,3028,3028,3028,3.02,19.77,-0.0,20
451.4,960.2914394646973,739.611603433924,100.00062099163847,0.0,1.42,3088,3088,3088,3088,3.02,19.77,-0.0,20
451.5,960.5929486004036,741.5887458772207,100.00058787208442,0.0,1.42,3028,3028,3028,3028,3.02,19.77,-0.0,20
451.6,960.8944577361098,743.5658883205175,100.00055651890659,0.0,1.42,3088,3088,3088,3088,3.02,19.77,-0.0,20
451.7,961.195966871816,745.5430307638143,100.00052683789824,0.0,1.42,3028,3028,3028,3028,3.02,19.77,-0.0,20
451.8,961.4974760075222,747.520173207111,100.000498739877,0.0,1.42,3088,3088,3088,3088,3.02,19.77,-0.0,20
451.9,961.7989851432285,749.4973156504078,100.00047214041689,0.0,1.42,3028,3028,3028,3028,3.02,19.77,-0.0,20
452.0,962.1004942789347,751.4744580937046,100.00044695959465,0.0,1.42,3088,3088,3088,3088,3.02,19.77,-0.0,20
452.1,962.4020034146408,753.4516005370014,100.0004231217496,0.0,1.42,3028,3028,3028,3028,3.02,19.77,-0.0,20
452.2,962.7035125503471,755.4287429802981,100.00040055525629,0.0,1.42,3088,3088,3088,3088,3.02,19.77,-0.0,20
452.3,963.0050216860534,757.4058854235949,100.0003791923093,0.0,1.42,3028,3028,3028,3028,3.02,19.77,-0.0,20
452.4,963.3065308217596,759.3830278668917,100.00035896871947,0.0,1.42,3088,3088,3088,3088,3.02,19.77,-0.0,20
452.5,963.6080399574657,761.3601703101884,100.00033982372109,0.0,1.42,3028,3028,3028,3028,3.02,19.77,-0.0,20
452.6,963.909549093172,763.3373127534852,100.0003216997893,0.0,1.42,3088,3088,3088,3088,3.02,19.77,-0.0,20
452.7,964.2110582288782,765.314455196782,100.0003045424672,0.0,1.42,3028,3028,3028,3028,3.02,19.77,-0.0,20
452.8,964.5125673645845,767.2915976400787,100.00028830020229,0.0,1.42,3088,3088,3088,3088,3.02,19.77,-0.0,20
452.9,964.8140765002906,769.2687400833755,100.00027292419149,0.0,1.42,3028,3028,3028,3028,3.02,19.77,-0.0,20
453.0,965.1155856359969,771.2458825266723,100.00025836823461,0.0,1.42,3088,3088,3088,3088,3.02,19.77,-0.0,20
453.1,965.4170947717031,773.2230249699691,100.00024458859544,0.0,1.42,3028,3028,3028,3028,3.02,19.77,-0.0,20
453.2,965.7186039074093,775.2001674132658,100.00023154387034,0.0,1.42,3088,3088,3088,3088,3.02,19.77,-0.0,20
453.3,966.0201130431155,777.1773098565626,100.00021919486393,0.0,1.42,3028,3028,3028,3028,3.02,19.77,-0.0,20
453.4,966.3216221788217,779.1544522998594,100.00020750447119,0.0,1.42,3088,3088,3088,3088,3.02,19.77,-0.0,20
453.5,966.623131314528,781.1315947431561,100.00019643756606,0.0,1.42,3028,3028,3028,3028,3.02,19.77,-0.0,20
453.6,966.9246404502342,783.1087371864529,100.00018596089588,0.0,1.42,3088,3088,3088,3088,3.02,19.77,-0.0,20
453.7,967.2261495859404,785.0858796297497,100.00017604298144,0.0,1.42,3028,3028,3028,3028,3.02,19.77,-0.0,20
453.8,967.5276587216466,787.0630220730465,100.00016665402242,0.0,1.42,3088,3088,3088,3088,3.02,19.77,-0.0,20
453.9,967.8291678573529,789.0401645163432,100.0001577658079,0.0,1.42,3028,3028,3028,3028,3.02,19.77,-0.0,20
454.0,968.1306769930591,791.01730695964,100.00014935163148,0.0,1.42,3088,3088,3088,3088,3.02,19.77,-0.0,20
454.1,968.4321861287654,792.9944494029368,100.00014138621113,0.0,1.42,3028,3028,3028,3028,3.02,19.77,-0.0,20
454.2,968.7336952644715,794.9715918462335,100.0001338456132,0.0,1.42,3088,3088,3088,3088,3.02,19.77,-0.0,20
454.3,969.0352044001777,796.9487342895303,100.0001267071805,0.0,1.42,3028,3028,3028,3028,3.02,19.77,-0.0,20
454.4,969.336713535884,798.9258767328271,100.0001199494642,0.0,1.42,3088,3088,3088,3088,3.02,19.77,-0.0,20
454.5,969.6382226715901,800.9030191761238,100.00011355215945,0.0,1.42,3028,3028,3028,3028,3.02,19.77,-0.0,20
454.6,969.9397318072964,802.8801616194206,100.00010749604428,0.0,1.42,3088,3088,3088,3088,3.02,19.77,-0.0,20
454.7,970.2412409430026,804.8573040627174,100.00010176292191,0.0,1.42,3028,3028,3028,3028,3.02,19.77,-0.0,20
454.8,970.5427500787089,806.8344465060142,100.00009633556608,0.0,1.42,3088,3088,3088,3088,3.02,19.77,-0.0,20
454.9,970.844259214415,808.8115889493109,100.00009119766922,0.0,1.42,3028,3028,3028,3028,3.02,19.77,-0.0,20
455.0,971.1457683501212,810.7887313926077,100.00008633379353,0.0,1.42,3088,3088,3088,3088,3.02,19.77,-0.0,20
455.1,971.4472774858275,812.7658738359045,100.00008172932455,0.0,1.42,3028,3028,3028,3028,3.02,19.77,-0.0,20
455.2,971.7487866215337,814.7430162792012,100.00007737042723,0.0,1.42,3088,3088,3088,3088,3.02,19.77,-0.0,20
455.3,972.05029575724,816.720158722498,100.00007324400445,0.0,1.42,3028,3028,3028,3028,3.02,19.77,-0.0,20
455.4,972.3518048929461,818.6973011657948,100.00006933765755,0.0,1.42,3088,3088,3088,3088,3.02,19.77,-0.0,20
455.5,972.6533140286524,820.6744436090916,100.00006563964915,0.0,1.42,3028,3028,3028,3028,3.02,19.77,-0.0,20
455.6,972.9548231643586,822.6515860523883,100.00006213886786,0.0,1.42,3088,3088,3088,3088,3.02,19.77,-0.0,20
455.7,973.2563323000649,824.6287284956851,100.0000588247949,0.0,1.42,3028,3028,3028,3028,3.02,19.77,-0.0,20
455.8,973.557841435771,826.6058709389819,100.00005568747251,0.0,1.42,3088,3088,3088,3088,3.02,19.77,-0.0,20
455.9,973.8593505714773,828.5830133822786,100.00005271747398,0.0,1.42,3028,3028,3028,3028,3.02,19.77,-0.0,20
456.0,974.1608597071835,830.5601558255754,100.00004990587537,0.0,1.42,3088,3088,3088,3088,3.02,19.77,-0.0,20
456.1,974.4623688428896,832.5372982688722,100.00004724422868,0.0,1.42,3028,3028,3028,3028,3.02,19.77,-0.0,20
456.2,974.7638779785959,834.514440712169,100.00004472453648,0.0,1.42,3088,3088,3088,3088,3.02,19.77,-0.0,20
456.3,975.0653871143021,836.4915831554657,100.00004233922786,0.0,1.42,3028,3028,3028,3028,3.02,19.77,-0.0,20
456.4,975.3668962500084,838.4687255987625,100.00004008113571,0.0,1.42,3088,3088,3088,3088,3.02,19.77,-0.0,20
456.5,975.6684053857145,840.4458680420593,100.00003794347514,0.0,1.42,3028,3028,3028,3028,3.02,19.77,-0.0,20
456.6,975.9699145214208,842.423010485356,100.00003591982313,0.0,1.42,3088,3088,3088,3088,3.02,19.77,-0.0,20
456.7,976.271423657127,844.4001529286528,100.00003400409923,0.0,1.42,3028,3028,3028,3028,3.02,19.77,-0.0,20
456.8,976.5729327928332,846.3772953719496,100.00003219054727,0.0,1.42,3088,3088,3088,3088,3.02,19.77,-0.0,20
456.9,976.8744419285395,848.3544378152463,100.00003047371808,0.0,1.42,3028,3028,3028,3028,3.02,19.77,-0.0,20
457.0,977.1759510642456,850.3315802585431,100.00002884845311,0.0,1.42,3088,3088,3088,3088,3.02,19.77,-0.0,20
457.1,977.4774601999519,852.3087227018399,100.00002730986894,0.0,1.42,3028,3028,3028,3028,3.02,19.77,-0.0,20
457.2,977.7789693356581,854.2858651451367,100.00002585334259,0.0,1.42,3088,3088,3088,3088,3.02,19.77,-0.0,20
457.3,978.0804784713644,856.2630075884334,100.00002447449765,0.0,1.42,3028,3028,3028,3028,3.02,19.77,-0.0,20
457.4,978.3819876070705,858.2401500317302,100.00002316919111,0.0,1.42,3088,3088,3088,3088,3.02,19.77,-0.0,20
457.5,978.6834967427768,860.217292475027,100.00002193350092,0.0,1.42,3028,3028,3028,3028,3.02,19.77,-0.0,20
457.6,978.985005878483,862.1944349183237,100.0000207637142,0.0,1.42,3088,3088,3088,3088,3.02,19.77,-0.0,20
457.7,979.2865150141893,864.1715773616205,100.00001965631611,0.0,1.42,3028,3028,3028,3028,3.02,19.77,-0.0,20
457.8,979.5880241498954,866.1487198049173,100.00001860797926,0.0,1.42,3088,3088,3088,3088,3.02,19.77,-0.0,20
457.9,979.8895332856016,868.125862248214,100.0000176155537,0.0,1.42,3028,3028,3028,3028,3.02,19.77,-0.0,20
458.0,980.1910424213079,870.1030046915108,100.0000166760575,0.0,1.42,3088,3088,3088,3088,3.02,19.77,-0.0,20
458.1,980.492551557014,872.0801471348076,100.00001578666776,0.0,1.42,3028,3028,3028,3028,3.02,19.77,-0.0,20
458.2,980.7940606927203,874.0572895781044,100.00001494471215,0.0,1.42,3088,3088,3088,3088,3.02,19.77,-0.0,20
458.3,981.0955698284265,876.0344320214011,100.00001414766083,0.0,1.42,3028,3028,3028,3028,3.02,19.77,-0.0,20
458.4,981.3970789641328,878.0115744646979,100.00001339311892,0.0,1.42,3088,3088,3088,3088,3.02,19.77,-0.0,20
458.5,981.698588099839,879.9887169079947,100.00001267881925,0.0,1.42,3028,3028,3028,3028,3.02,19.77,-0.0,20
458.6,982.0000972355451,881.9658593512914,100.00001200261555,0.0,1.42,3088,3088,3088,3088,3.02,19.77,-0.0,20
458.7,982.3016063712514,883.9430017945882,100.00001136247606,0.0,1.42,3028,3028,3028,3028,3.02,19.77,-0.0,20
458.8,982.6031155069576,885.920144237885,100.00001075647734,0.0,1.42,3088,3088,3088,3088,3.02,19.77,-0.0,20
458.9,982.9046246426639,887.8972866811818,100.00001018279855,0.0,1.42,3028,3028,3028,3028,3.02,19.77,-0.0,20
459.0,983.20613377837,889.8744291244785,100.00000963971596,0.0,1.42,3088,3088,3088,3088,3.02,19.77,-0.0,20
459.1,983.5076429140763,891.8515715677753,100.00000912559777,0.0,1.42,3028,3028,3028,3028,3.02,19.77,-0.0,20
459.2,983.8091520497825,893.8287140110721,100.00000863889922,0.0,1.42,3088,3088,3088,3088,3.02,19.77,-0.0,20
459.3,984.1106611854888,895.8058564543688,100.00000817815793,0.0,1.42,3028,3028,3028,3028,3.02,19.77,-0.0,20
459.4,984.4121703211949,897.7829988976656,100.0000077419895,0.0,1.42,3088,3088,3088,3088,3.02,19.77,-0.0,20
459.5,984.7136794569012,899.7601413409624,100.0000073290834,0.0,1.42,3028,3028,3028,3028,3.02,19.77,-0.0,20
459.6,985.0151885926074,901.7372837842591,100.00000693819895,0.0,1.42,3088,3088,3088,3088,3.02,19.77,-0.0,20
459.7,985.3166977283136,903.7144262275559,100.00000656816167,0.0,1.42,3028,3028,3028,3028,3.02,19.77,-0.0,20
459.8,985.6182068640198,905.6915686708527,100.0000062178597,0.0,1.42,3088,3088,3088,3088,3.02,19.77,-0.0,20
459.9,985.919715999726,907.6687111141495,100.00000588624052,0.0,1.42,3028,3028,3028,3028,3.02,19.77,-0.0,20
460.0,986.2212251354323,909.6458535574462,100.00000557230769,0.0,1.42,3088,3088,3088,3088,3.02,19.77,-0.0,20
460.1,986.5227342711385,911.622996000743,100.00000527511794,0.0,1.42,3028,3028,3028,3028,3.02,19.77,-0.0,20
460.2,986.8242434068447,913.6001384440398,100.00000499377832,0.0,1.42,3088,3088,3088,3088,3.02,19.77,-0.0,20
460.3,987.1257525425509,915.5772808873365,100.00000472744348,0.0,1.42,3028,3028,3028,3028,3.02,19.77,-0.0,20
460.4,987.4272616782571,917.5544233306333,100.00000447531316,0.0,1.42,3088,3088,3088,3088,3.02,19.77,-0.0,20
460.5,987.7287708139634,919.5315657739301,100.00000423662979,0.0,1.42,3028,3028,3028,3028,3.02,19.77,-0.0,20
460.6,988.0302799496695,921.5087082172269,100.00000401067621,0.0,1.42,3088,3088,3088,3088,3.02,19.77,-0.0,20
460.7,988.3317890853758,923.4858506605236,100.00000379677347,0.0,1.42,3028,3028,3028,3028,3.02,19.77,-0.0,20
460.8,988.633298221082,925.4629931038204,100.00000359427888,0.0,1.42,3088,3088,3088,3088,3.02,19.77,-0.0,20
460.9,988.9348073567883,927.4401355471172,100.000003402584,0.0,1.42,3028,3028,3028,3028,3.02,19.77,-0.0,20
461.0,989.2363164924944,929.4172779904139,100.00000322111285,0.0,1.42,3088,3088,3088,3088,3.02,19.77,-0.0,20
461.1,989.5378256282007,931.3944204337107,100.00000304932016,0.0,1.42,3028,3028,3028,3028,3.02,19.77,-0.0,20
461.2,989.8393347639069,933.3715628770075,100.00000288668974,0.0,1.42,3088,3088,3088,3088,3.02,19.77,-0.0,20
461.3,990.1408438996132,935.3487053203042,100.00000273273295,0.0,1.42,3028,3028,3028,3028,3.02,19.77,-0.0,20
461.4,990.4423530353193,937.325847763601,100.0000025869872,0.0,1.42,3088,3088,3088,3088,3.02,19.77,-0.0,20
461.5,990.7438621710255,939.3029902068978,100.00000244901454,0.0,1.42,3028,3028,3028,3028,3.02,19.77,-0.0,20
461.6,991.0453713067318,941.2801326501946,100.00000231840043,0.0,1.42,3088,3088,3088,3088,3.02,19.77,-0.0,20
461.7,991.346880442438,943.2572750934913,100.00000219475241,0.0,1.42,3028,3028,3028,3028,3.02,19.77,-0.0,20
461.8,991.6483895781442,945.2344175367881,100.00000207769895,0.0,1.42,3088,3088,3088,3088,3.02,19.77,-0.0,20
461.9,991.9498987138504,947.2115599800849,100.00000196688833,0.0,1.42,3028,3028,3028,3028,3.02,19.77,-0.0,20
462.0,992.2514078495567,949.1887024233816,100.00000186198763,0.0,1.42,3088,3088,3088,3088,3.02,19.77,-0.0,20
462.1,992.5529169852629,951.1658448666784,100.00000176268162,0.0,1.42,3028,3028,3028,3028,3.02,19.77,-0.0,20
462.2,992.854426120969,953.1429873099752,100.00000166867193,0.0,1.42,3088,3088,3088,3088,3.02,19.77,-0.0,20
462.3,993.1559352566753,955.120129753272,100.0000015796761,0.0,1.42,3028,3028,3028,3028,3.02,19.77,-0.0,20
462.4,993.4574443923815,957.0972721965687,100.0000014954267,0.0,1.42,3088,3088,3088,3088,3.02,19.77,-0.0,20
462.5,993.7589535280878,959.0744146398655,100.00000141567061,0.0,1.42,3028,3028,3028,3028,3.02,19.77,-0.0,20
462.6,994.0604626637939,961.0515570831623,100.00000134016818,0.0,1.42,3088,3088,3088,3088,3.02,19.77,-0.0,20
462.7,994.3619717995002,963.028699526459,100.00000126869254,0.0,1.42,3028,3028,3028,3028,3.02,19.77,-0.0,20
462.8,994.6634809352064,965.0058419697558,100.00000120102894,0.0,1.42,3088,3088,3088,3088,3.02,19.77,-0.0,20
462.9,994.9649900709127,966.9829844130526,100.00000113697406,0.0,1.42,3028,3028,3028,3028,3.02,19.77,-0.0,20
463.0,995.2664992066188,968.9601268563493,100.00000107633545,0.0,1.42,3088,3088,3088,3088,3.02,19.77,-0.0,20
463.1,995.5680083423251,970.9372692996461,100.00000101893089,0.0,1.42,3028,3028,3028,3028,3.02,19.77,-0.0,20
463.2,995.8695174780313,972.9144117429429,100.00000096458791,0.0,1.42,3088,3088,3088,3088,3.02,19.77,-0.0,20
463.3,996.1710266137375,974.8915541862397,100.00000091314323,0.0,1.42,3028,3028,3028,3028,3.02,19.77,-0.0,20
463.4,996.4725357494438,976.8686966295364,100.00000086444226,0.0,1.42,3088,3088,3088,3088,3.02,19.77,-0.0,20
463.5,996.7740448851499,978.8458390728332,100.00000081833866,0.0,1.42,3028,3028,3028,3028,3.02,19.77,-0.0,20
463.6,997.0755540208562,980.82298151613,100.00000077469393,0.0,1.42,3088,3088,3088,3088,3.02,19.77,-0.0,20
463.7,997.3770631565624,982.8001239594267,100.00000073337692,0.0,1.42,3028,3028,3028,3028,3.02,19.77,-0.0,20
463.8,997.6785722922687,984.7772664027235,100.00000069426349,0.0,1.42,3088,3088,3088,3088,3.02,19.77,-0.0,20
463.9,997.9800814279748,986.7544088460203,100.0000006572361,0.0,1.42,3028,3028,3028,3028,3.02,19.77,-0.0,20
464.0,998.2494039042449,988.5204876665509,100.0000006221835,0.0,1.42,3067,3067,3067,3067,2.69,17.66,-0.0,20
464.1,998.4828167170123,990.0510893110109,100.00000058900038,0.0,1.42,3007,3007,3007,3007,2.33,15.31,-0.0,20
464.2,998.6851078214106,991.3776107362094,100.00000055758703,0.0,1.42,2947,2947,2947,2947,2.02,13.27,-0.0,20
464.3,998.8604267785558,992.5272626380481,100.00000052784905,0.0,1.42,2887,2887,2887,2887,1.75,11.5,-0.0,20
464.4,999.0123698747484,993.5236276196417,100.00000049969711,0.0,1.42,2898,2898,2898,2898,1.52,9.96,-0.0,20
464.5,999.1440538914486,994.3871439370229,100.0000004730466,0.0,1.42,2838,2838,2838,2838,1.32,8.64,-0.0,20
464.6,999.2581800392554,995.1355247454198,100.00000044781744,0.0,1.42,2858,2858,2858,2858,1.14,7.48,-0.0,20
